temperature,rainfall,humidity
16,138,38
-10,203,97
31,147,22
47,77,80
27,21,83
27,61,7
22,185,70
3,117,2
49,300,7
43,468,99
19,155,36
30,67,46
0,122,27
-10,144,77
43,442,31
19,238,66
29,482,26
-7,261,66
16,14,22
14,316,38
49,459,54
-9,212,0
11,75,80
-8,304,5
-7,353,94
13,304,22
-8,433,86
5,381,57
50,294,63
44,187,59
47,227,92
27,87,5
10,135,7
11,88,82
4,23,43
25,46,4
32,213,83
39,499,54
32,452,18
18,148,78
6,403,10
16,451,44
4,119,61
13,107,13
8,478,51
8,356,100
50,184,44
22,125,88
7,180,54
18,346,73
32,265,68
18,434,82
-8,118,81
33,117,51
39,318,64
3,387,93
48,218,44
4,164,81
23,500,4
28,354,13
-6,494,79
-8,135,79
29,130,89
41,330,73
27,156,29
20,322,72
4,252,27
36,61,25
27,410,99
-3,308,71
43,443,16
31,13,75
16,403,86
2,187,52
40,175,79
37,214,28
-9,404,86
39,23,97
47,282,26
5,289,41
5,77,4
50,201,38
21,365,86
-5,371,16
6,396,21
45,202,78
-9,21,64
6,39,42
11,387,60
28,440,44
47,107,75
18,38,65
36,395,75
37,251,86
16,3,35
48,296,71
27,26,13
30,453,45
-1,262,96
38,467,90
36,116,37
33,248,48
31,300,1
48,477,88
34,198,30
37,105,87
25,121,73
-2,437,92
14,142,76
22,295,77
35,76,37
18,358,51
26,2,45
20,52,31
16,373,73
21,195,65
1,472,62
-3,65,48
25,237,65
50,436,14
20,257,25
21,235,50
8,411,94
43,224,79
15,400,21
5,439,80
-7,311,20
1,492,3
42,394,76
-3,343,47
41,254,12
45,495,24
15,148,77
47,254,4
39,427,100
27,387,17
47,123,0
41,381,68
-9,478,24
34,272,65
-10,69,53
10,469,48
13,403,66
-7,264,60
1,29,60
50,235,18
-6,337,21
48,435,40
-8,163,61
-3,429,65
41,36,26
19,177,46
49,442,50
36,270,27
13,340,85
25,93,61
43,448,38
-1,73,98
39,335,55
0,87,10
4,243,100
31,282,8
12,179,43
31,99,23
31,125,20
-10,409,85
7,252,100
21,252,70
-9,193,78
25,421,13
11,226,33
20,338,8
50,246,3
31,409,10
35,372,42
11,197,70
6,380,63
43,143,63
-8,368,59
50,409,25
7,229,15
13,89,19
45,177,23
11,239,3
1,193,30
40,199,22
46,499,86
39,401,24
38,431,31
5,30,67
16,288,42
22,7,2
12,496,36
48,132,1
26,376,56
48,272,95
8,272,62
12,442,2
35,471,59
40,180,51
18,439,62
39,409,78
12,280,66
41,129,40
19,191,31
19,279,28
20,103,1
16,437,92
47,330,41
29,92,60
31,301,22
45,392,31
17,331,63
-2,110,63
-7,192,97
0,220,20
20,475,87
19,495,1
50,239,47
-10,49,41
39,43,74
8,42,46
-8,361,77
-2,216,78
37,446,33
2,367,8
7,26,8
32,42,17
32,52,85
42,479,4
30,381,46
-8,381,78
-6,266,94
18,133,10
12,454,43
39,103,23
46,12,74
36,500,78
25,456,98
48,453,36
29,361,32
-9,258,3
4,445,4
12,163,17
32,295,4
50,37,14
34,376,100
34,227,85
-7,453,71
27,297,50
17,100,84
34,371,25
-3,370,73
50,71,83
49,469,90
44,112,70
33,366,62
45,52,92
43,230,97
1,325,72
-2,479,50
26,105,21
-5,301,19
4,72,93
4,267,90
36,312,37
47,0,88
45,295,92
40,476,10
48,113,64
18,403,78
29,317,84
17,293,62
35,269,22
21,17,43
43,27,81
36,118,67
5,221,56
12,411,53
6,156,55
25,233,74
25,487,22
11,275,52
24,112,97
21,436,51
48,302,25
30,293,4
29,205,34
31,343,3
6,216,75
-8,290,79
29,88,59
18,103,28
11,90,1
-5,305,11
32,272,18
0,65,9
19,159,93
21,242,15
35,65,66
21,184,29
30,417,65
0,29,46
50,363,95
-10,322,96
9,72,53
26,447,18
29,7,61
21,149,6
0,385,21
21,284,49
38,275,41
7,441,44
33,317,51
-4,266,71
47,196,0
36,401,9
26,187,26
10,279,3
0,460,34
12,109,96
-5,246,75
12,17,80
13,102,75
-10,308,26
28,136,97
17,50,32
17,438,94
20,78,5
28,295,79
50,303,14
17,123,80
50,363,18
46,459,58
-2,348,4
42,125,31
0,371,54
10,255,15
35,295,13
42,109,22
37,462,17
37,306,69
36,5,90
4,304,52
-2,106,0
2,8,37
11,240,32
30,413,23
39,66,32
29,85,52
16,308,7
43,75,3
5,181,32
-10,222,1
14,362,39
39,201,35
16,94,35
-9,412,62
1,384,28
6,344,13
-7,272,33
25,196,14
27,213,47
48,441,77
44,204,50
10,409,30
45,387,65
43,414,63
0,441,67
-10,305,74
40,239,34
17,231,19
40,480,58
7,184,92
-2,187,71
38,355,25
8,10,20
-3,335,35
-1,274,76
2,218,79
10,198,0
26,335,23
31,460,44
1,111,37
10,175,98
31,160,34
-2,499,70
11,466,11
-7,174,40
46,358,45
21,175,87
12,93,51
47,31,71
36,27,17
21,249,29
24,439,10
19,125,29
22,429,37
9,216,61
45,140,82
-7,367,73
2,158,50
2,156,98
45,129,74
7,315,84
49,187,99
33,178,36
-1,473,56
5,35,16
14,252,44
27,499,20
-8,265,26
-6,190,19
41,178,30
2,403,79
2,418,66
-9,125,18
16,43,31
8,327,82
17,118,81
31,102,34
8,40,71
29,2,61
-9,115,77
35,327,93
0,481,98
14,15,56
42,18,76
0,386,79
1,86,34
39,310,97
11,155,39
5,133,23
-10,281,90
16,499,25
-7,10,6
28,388,82
24,307,53
20,28,44
-1,270,78
8,231,96
26,335,62
42,357,94
40,493,39
46,142,63
-6,193,4
9,464,52
3,52,82
9,434,16
41,105,98
-1,426,97
19,369,81
13,210,88
15,273,54
32,422,37
7,24,49
40,491,94
45,320,61
21,214,9
38,51,96
25,174,47
16,275,83
42,229,73
26,64,85
37,61,78
-9,229,69
23,446,95
22,457,72
19,364,27
2,479,3
23,491,12
19,59,45
-7,421,85
39,330,70
8,56,77
39,74,30
18,306,61
12,139,46
50,185,37
-2,197,68
6,203,56
-9,382,18
23,332,33
0,221,55
-10,314,44
5,148,61
10,29,28
23,353,3
26,56,19
8,155,99
-9,292,70
41,416,63
36,427,10
16,216,94
45,381,98
28,283,49
39,54,37
14,425,6
17,398,69
12,465,37
18,447,18
0,133,38
11,111,78
9,110,33
45,393,28
32,148,56
-10,210,14
41,258,22
28,36,23
24,282,58
42,128,12
-9,212,40
41,85,21
33,336,48
28,374,23
25,392,93
31,320,34
-2,388,38
21,2,42
46,198,89
42,189,97
23,286,5
41,63,32
44,323,3
0,453,52
15,167,82
50,63,40
17,57,51
48,393,6
43,69,33
13,233,58
26,159,33
36,245,16
46,474,79
2,15,59
20,107,86
28,372,11
35,222,45
27,43,87
4,65,50
-4,410,67
3,233,55
8,154,18
-4,186,11
-7,253,65
37,5,49
8,444,52
13,289,34
23,191,8
15,203,32
33,160,15
32,444,28
-6,308,93
6,383,82
34,175,13
7,444,89
2,295,2
24,236,77
10,353,68
-3,44,52
26,424,1
15,344,98
49,323,87
-8,412,80
44,471,35
39,336,27
38,205,41
-2,381,91
28,450,3
-5,88,76
12,242,77
38,112,62
43,500,33
-9,178,48
0,378,23
18,399,52
38,91,23
13,339,54
6,478,63
-2,5,53
-10,89,43
26,265,72
20,226,9
-5,197,47
28,265,2
23,395,67
0,200,29
9,206,69
46,11,21
45,144,57
23,104,35
22,148,8
28,493,81
-2,328,79
48,320,54
2,411,46
49,277,56
-4,293,16
0,200,15
39,208,45
6,192,13
44,401,13
12,201,72
-9,435,24
1,191,89
20,23,23
0,465,60
32,235,76
12,62,27
22,250,21
13,209,96
49,499,11
50,479,4
46,373,32
28,445,80
7,400,49
32,373,13
18,279,15
0,68,19
-5,271,90
27,82,20
-6,332,48
10,395,58
26,160,17
41,129,67
31,4,21
5,484,28
27,462,53
-2,388,46
-7,129,91
17,331,54
9,417,30
22,487,30
15,85,46
-5,269,26
3,57,11
14,285,36
0,360,54
-7,287,34
4,350,1
39,213,83
20,320,25
2,350,66
24,228,39
46,424,76
47,172,82
10,479,76
2,351,48
27,420,96
36,256,100
34,357,50
31,319,73
19,384,16
38,382,13
28,478,44
4,143,61
21,239,91
-3,94,55
3,153,55
36,423,67
29,248,3
2,145,3
1,452,16
3,88,0
6,212,26
7,313,90
-7,309,55
5,481,72
-8,464,40
24,478,60
48,4,8
19,464,96
27,83,31
27,103,17
6,470,84
-4,389,37
29,46,23
5,241,16
-2,33,27
15,359,53
33,167,39
-10,106,14
-9,353,62
25,98,11
47,462,75
-2,206,40
50,261,22
46,208,8
-6,363,57
37,334,52
36,382,23
9,409,6
-5,50,58
0,410,85
48,236,89
32,132,58
7,285,71
7,122,78
15,41,84
40,27,68
-3,234,4
39,233,53
17,193,71
-3,403,38
14,449,79
4,476,27
7,403,4
41,63,88
29,399,38
49,45,7
-10,432,2
48,489,21
-3,181,4
-5,459,98
13,268,42
-9,103,71
-8,51,73
2,200,38
3,154,10
-2,92,25
20,247,29
22,280,84
17,470,39
50,107,61
38,480,44
-3,257,52
3,400,31
37,92,34
33,269,68
-10,481,59
-8,202,59
-8,110,99
-2,176,3
41,361,6
47,288,25
30,87,98
25,102,34
-9,413,55
27,488,78
-4,321,22
0,265,38
0,496,84
42,432,91
26,387,56
34,469,21
-1,261,97
12,144,47
-4,491,1
19,409,70
-1,166,29
44,439,9
41,186,43
43,50,4
-2,110,11
1,70,86
47,30,32
48,272,19
45,163,72
-1,21,54
9,291,25
37,151,31
42,212,81
-10,286,49
20,467,71
-9,76,35
2,369,50
39,8,93
14,400,46
-2,466,41
29,317,18
-6,193,90
40,65,90
43,312,21
32,314,14
43,286,44
41,328,22
-9,444,19
21,378,4
29,116,82
46,454,27
6,339,21
-8,113,45
27,69,98
5,26,67
48,424,12
37,161,40
48,125,4
-2,211,98
28,285,31
36,145,21
13,398,0
15,333,16
16,311,38
3,50,6
27,130,86
19,128,23
38,173,55
10,341,39
-9,141,40
24,125,42
32,357,20
24,259,52
-7,303,61
5,20,51
29,203,0
33,124,6
5,224,52
39,261,18
41,343,55
23,16,15
24,38,0
47,463,8
19,320,27
-8,368,54
23,132,14
38,298,92
47,316,6
24,126,1
15,258,86
-10,360,34
3,241,33
-1,432,73
48,160,41
6,364,53
15,232,28
36,448,81
20,44,97
12,68,18
17,475,69
35,173,43
26,361,66
8,41,29
20,187,56
49,138,14
47,200,35
44,200,55
9,202,77
-10,89,28
42,234,9
35,102,8
39,50,34
46,32,36
12,61,49
37,308,5
17,392,29
-8,184,66
39,265,46
26,393,17
28,353,88
8,25,78
4,82,4
43,85,77
-7,12,93
29,358,41
-8,26,30
45,11,83
46,340,87
21,337,100
-9,89,55
44,326,29
0,1,67
27,431,53
13,266,84
29,279,3
50,87,71
50,88,62
38,246,1
22,304,19
13,409,66
31,304,12
-9,382,37
47,45,9
-10,327,11
22,133,8
20,16,59
3,121,19
34,242,32
3,461,4
25,242,12
6,14,39
6,160,7
40,394,62
31,5,72
46,487,0
32,279,76
-6,249,10
50,459,37
-10,185,64
33,93,58
40,48,51
46,87,50
46,17,83
46,273,40
26,304,68
-4,323,41
42,467,73
5,231,94
7,41,31
21,332,79
40,333,85
-4,371,78
8,311,95
27,450,80
7,184,18
16,394,93
-1,3,93
26,324,88
-4,294,28
30,250,11
-1,11,44
28,435,93
-5,206,69
36,45,99
-3,405,19
50,476,26
14,167,56
17,21,21
12,305,79
-4,73,21
38,83,84
10,96,61
-9,86,96
44,263,81
46,26,52
18,200,34
37,500,25
-6,376,34
31,237,40
28,135,35
41,378,58
-7,224,76
1,281,44
37,48,50
-6,70,18
40,282,83
14,312,45
-5,40,33
32,477,56
6,213,57
45,445,74
34,471,50
35,361,40
7,260,11
36,90,89
31,45,24
22,109,68
-10,161,54
-10,15,34
0,22,61
-10,375,51
3,111,81
36,192,9
22,378,12
31,124,69
26,287,86
-8,314,17
8,169,1
40,306,45
5,219,34
2,245,14
41,40,40
23,167,39
-2,346,71
41,289,70
0,202,64
-7,79,8
28,206,69
39,148,64
4,128,11
-7,441,44
1,340,27
15,16,6
49,331,46
8,435,54
22,405,17
-5,256,11
28,313,72
23,302,86
22,53,88
8,436,71
1,251,9
48,429,2
50,12,85
0,250,19
-10,215,56
24,230,97
30,124,15
8,497,87
40,50,74
50,232,29
35,317,49
-5,288,2
26,115,1
44,107,4
-2,160,15
9,108,43
39,296,12
22,198,58
-10,365,90
4,346,12
7,123,67
41,352,45
29,400,98
-5,155,17
40,32,20
19,455,10
44,343,86
1,395,18
22,247,83
-10,38,90
50,466,71
45,158,43
43,11,52
-7,229,7
39,15,51
11,385,6
-1,152,3
22,198,18
35,407,33
29,181,66
50,147,97
18,495,25
41,334,29
-3,15,88
28,260,4
31,304,18
-6,445,30
11,184,60
45,169,76
12,22,75
50,378,6
35,441,92
9,448,36
31,15,39
12,322,92
-4,282,60
37,200,73
33,361,15
46,169,65
12,195,61
35,304,51
16,143,82
-6,243,23
48,354,73
-3,209,52
34,145,70
16,497,67
37,242,35
27,307,2
38,238,51
2,304,30
35,280,88
-8,255,55
43,110,25
16,345,3
-6,147,10
47,237,17
25,191,2
12,327,56
10,407,58
7,360,5
39,14,70
19,86,24
22,59,71
45,197,35
20,237,71
43,188,97
11,495,54
-9,126,79
27,204,34
50,422,49
18,385,82
5,165,19
4,178,44
45,362,97
4,137,1
13,314,29
47,359,60
44,175,54
10,463,99
32,166,24
36,60,45
35,96,6
49,89,81
10,257,35
-7,257,8
32,131,60
7,435,3
24,171,83
42,389,42
15,34,89
28,254,43
0,85,0
-10,140,45
42,307,4
39,323,72
7,76,85
29,454,31
38,184,56
42,372,39
-8,391,21
18,14,51
49,74,29
21,293,85
-8,223,59
25,165,58
20,409,81
19,188,90
1,7,52
-4,35,2
10,369,50
31,93,45
47,33,18
3,397,31
47,96,13
-3,429,14
27,458,34
-8,450,59
9,139,2
29,174,93
-10,274,25
11,185,28
-4,499,15
34,131,33
41,98,49
7,247,13
-6,423,96
17,299,48
14,270,66
47,133,36
-8,411,40
7,436,5
20,371,29
28,464,55
2,248,81
26,192,37
28,236,78
22,116,33
27,60,12
41,445,57
31,51,33
43,206,7
9,433,23
3,307,15
20,52,79
18,199,74
5,88,38
34,396,95
20,258,0
38,326,95
3,13,97
23,98,31
14,391,100
16,397,82
17,435,42
27,211,46
-2,175,61
-10,68,93
14,185,7
20,85,4
42,375,72
38,280,26
48,118,62
-10,188,83
43,417,80
40,206,5
45,395,43
17,449,94
4,493,33
4,116,5
-10,389,47
6,423,41
-2,104,6
37,419,49
-3,439,68
29,148,62
27,172,32
29,138,13
2,48,45
45,487,23
34,286,20
28,309,64
-3,461,7
6,359,66
41,95,48
40,53,32
21,296,19
12,168,43
-2,456,25
-1,448,24
27,456,9
42,65,10
-6,108,81
27,486,91
-8,419,9
-6,237,4
40,40,4
-10,86,80
49,140,72
18,413,75
12,234,56
8,233,86
21,178,85
48,377,10
31,450,2
47,226,61
23,360,38
5,157,19
6,478,11
43,482,52
10,195,13
39,241,62
11,373,71
35,277,33
-2,59,14
41,237,45
28,120,74
9,463,39
19,134,4
35,305,35
19,166,0
-8,240,42
48,36,23
42,403,82
39,57,30
49,3,6
30,295,33
43,371,48
37,208,15
14,369,75
21,59,68
-9,194,84
7,438,46
26,222,0
4,357,78
17,96,96
12,31,88
-9,138,82
29,111,69
45,97,74
29,347,76
6,213,62
-9,200,67
50,132,72
25,77,42
5,434,5
33,479,26
14,454,84
-2,3,50
24,338,90
24,266,11
-10,3,6
25,346,97
28,459,56
-2,324,27
41,263,98
14,425,24
9,96,2
8,57,13
1,291,79
0,172,6
45,487,67
42,351,17
3,263,96
48,433,50
41,296,60
7,263,27
21,3,79
38,145,87
14,174,92
22,237,66
1,383,70
12,230,37
16,400,93
18,413,25
11,85,86
27,350,70
7,161,15
32,54,55
33,136,30
18,64,57
-4,219,94
5,391,84
31,487,68
-3,407,46
9,239,23
36,92,39
3,138,5
-3,127,22
35,224,68
13,164,15
6,475,68
20,482,98
15,90,4
43,35,7
-6,193,41
20,97,82
50,189,54
-7,441,4
27,113,36
0,93,51
36,121,93
21,102,93
28,486,37
50,326,92
-5,313,25
-4,199,54
45,31,8
20,217,84
-5,7,77
20,337,99
25,111,64
23,8,1
-6,472,58
14,243,64
23,363,14
2,11,60
-10,450,45
27,358,55
34,233,50
44,155,63
27,482,61
-3,411,81
8,170,20
10,298,31
16,444,77
-5,91,74
24,101,26
12,55,66
-8,10,14
41,21,67
29,274,91
34,210,68
7,425,82
39,309,23
-1,481,0
10,395,46
12,128,58
0,130,56
29,225,57
49,50,92
50,201,1
33,29,87
45,423,79
3,68,26
-9,318,88
-3,152,85
28,250,14
4,321,82
48,46,25
-4,136,84
4,159,77
21,86,1
37,285,97
22,468,20
5,146,72
-8,314,6
32,21,17
-6,259,99
30,391,37
20,149,66
38,179,37
11,38,18
8,495,25
33,499,59
22,419,1
2,331,6
38,236,75
-4,443,64
7,110,34
-7,405,23
36,299,44
42,398,69
24,11,61
11,325,47
28,396,83
42,438,78
33,222,86
3,373,20
34,150,76
38,25,26
17,146,61
49,111,91
-2,178,14
10,259,7
20,130,69
-4,71,7
33,463,24
-4,272,74
41,315,12
19,259,87
39,102,30
-2,63,90
46,417,0
-7,500,60
11,361,50
12,298,6
28,225,78
6,432,7
14,268,85
-2,377,87
-2,319,12
9,294,93
44,237,75
48,372,46
32,396,0
14,66,45
44,261,79
43,311,2
38,96,10
-3,51,58
32,119,73
19,304,29
-9,167,19
39,341,49
37,378,22
-8,118,31
43,156,46
-3,361,78
38,201,26
28,285,88
31,351,36
47,146,65
19,275,92
49,476,25
28,89,91
7,277,79
32,311,44
18,495,9
43,264,77
40,191,30
24,319,42
38,314,9
-4,188,65
40,160,52
18,457,69
-4,431,29
28,244,44
3,416,17
6,460,16
-3,373,51
45,196,67
-6,156,28
36,274,26
47,111,22
12,91,32
42,236,52
-8,9,97
42,119,59
21,21,1
7,453,56
1,459,12
17,153,95
17,46,85
21,336,53
-9,398,50
42,10,3
1,463,21
38,342,88
4,261,33
49,243,47
37,179,68
-8,19,98
47,67,62
31,412,84
7,286,48
18,246,17
12,202,7
8,25,18
-8,409,67
45,427,55
40,135,72
4,276,71
-6,242,46
27,369,30
-7,105,66
-2,122,64
9,169,69
28,370,17
-6,294,41
12,93,34
48,375,84
45,106,50
28,12,100
0,429,95
31,214,22
25,355,42
0,112,11
22,231,40
-10,7,3
16,455,100
-7,344,53
5,306,74
2,457,80
17,280,80
29,269,71
46,2,99
8,18,51
41,456,58
35,234,100
5,10,21
7,111,24
24,322,23
10,192,92
7,454,86
9,115,31
47,33,87
22,366,62
20,85,38
16,112,81
8,400,76
4,30,39
33,215,9
14,168,70
22,213,57
16,346,77
34,415,61
29,391,28
39,430,64
43,264,36
45,306,95
26,462,80
5,489,66
-7,246,81
10,260,63
37,83,11
-4,107,89
18,411,39
46,201,79
-7,266,57
45,309,86
-5,158,95
25,457,31
25,16,9
-10,70,2
39,144,52
13,363,76
5,389,26
11,476,17
21,427,0
41,172,57
11,430,37
46,112,87
-8,166,86
0,225,56
-4,297,12
41,372,44
-3,161,17
30,358,99
25,110,30
20,368,76
29,464,27
25,281,31
23,140,62
-3,474,80
37,386,9
43,34,35
38,442,33
50,120,34
2,254,72
10,390,43
45,378,48
25,98,24
49,344,89
-9,23,31
-2,135,72
33,235,94
6,371,89
42,99,100
-6,10,42
26,16,36
10,16,13
23,232,94
-7,122,31
41,359,92
1,129,9
9,411,95
44,458,27
25,75,74
7,180,14
40,83,77
39,410,57
16,189,51
-9,226,58
-7,337,93
-7,464,69
42,240,9
32,145,46
-4,132,10
46,84,89
8,211,89
44,169,37
38,315,12
24,150,18
31,407,20
19,327,50
49,163,0
19,239,75
-8,179,82
-2,214,25
12,157,88
44,323,2
30,274,9
22,370,39
-3,270,72
37,368,77
48,107,82
21,477,73
12,481,49
36,342,13
-7,385,91
45,133,99
-10,99,94
11,422,82
-9,141,30
31,442,67
19,327,71
19,371,15
1,364,7
8,442,34
38,160,53
7,403,3
43,285,97
26,255,35
13,359,45
38,328,55
42,101,6
8,480,88
42,135,66
9,210,47
5,357,10
47,265,24
4,453,98
7,365,84
10,74,99
26,369,30
25,317,87
34,499,80
29,26,46
25,50,13
26,140,99
42,232,59
-7,216,9
41,33,53
43,214,99
-1,94,27
-1,419,61
-6,280,71
14,113,3
-2,237,91
22,339,70
26,161,66
25,4,89
17,306,52
6,194,51
49,283,31
1,115,76
29,57,36
27,252,10
21,413,75
19,200,62
32,333,88
15,132,39
22,133,46
6,490,52
-6,183,79
8,124,52
16,235,12
45,188,70
42,243,29
27,282,15
8,277,43
17,13,85
3,254,94
26,310,70
47,288,90
36,5,19
-2,222,96
44,30,99
32,386,41
5,403,43
20,256,47
17,487,24
31,293,65
40,336,48
36,236,66
33,6,20
42,87,5
34,397,79
17,329,84
37,51,47
32,235,76
26,255,34
30,390,19
43,189,6
18,266,29
25,365,15
34,412,95
5,450,29
28,478,12
25,157,50
-7,4,71
32,200,36
44,400,4
10,200,69
36,333,66
-5,163,34
49,82,83
-2,74,67
37,309,40
18,47,86
33,53,42
47,376,13
19,384,61
0,252,33
3,258,90
30,293,62
-7,248,6
29,140,46
-5,229,65
45,372,0
14,144,80
26,285,61
41,306,90
32,219,71
24,295,57
42,360,23
32,148,55
-8,65,55
31,129,83
11,222,41
10,480,96
13,357,30
18,471,85
46,313,59
44,339,29
-2,342,49
20,10,97
-5,16,47
6,414,80
9,471,88
-4,252,93
-3,140,84
34,53,44
43,43,5
12,165,2
31,198,25
6,324,34
-7,348,89
42,11,71
21,261,98
-7,171,9
13,148,36
-8,142,70
-7,105,21
21,477,31
20,248,79
10,25,73
50,240,65
7,25,87
4,199,86
31,359,32
1,377,11
19,229,95
38,303,6
48,123,65
46,327,44
28,324,84
9,221,52
6,357,78
47,321,72
11,497,26
-5,145,80
34,236,39
6,448,27
23,478,30
0,431,47
33,468,23
41,464,59
36,194,25
21,82,51
-8,283,50
30,268,61
13,4,83
1,140,86
6,182,98
7,19,94
41,158,44
45,389,5
0,174,12
47,163,27
7,498,5
50,151,48
40,301,9
28,352,57
19,65,35
35,408,62
-6,18,72
32,478,57
4,216,17
-2,294,35
25,357,47
24,135,69
-4,188,25
35,35,5
34,317,57
-4,428,27
47,301,91
30,314,96
38,288,78
15,259,73
14,130,49
13,29,63
28,445,40
2,48,36
-4,91,91
-5,91,7
-3,200,46
5,251,37
19,191,61
14,106,53
-7,269,65
42,23,56
8,198,18
12,348,76
-8,261,29
-2,193,14
48,422,97
8,355,56
15,475,100
27,182,26
36,59,39
16,263,29
21,437,96
32,1,92
13,364,62
19,336,43
9,408,51
23,285,86
25,411,75
1,145,1
25,393,24
-2,356,91
-8,72,59
39,383,51
39,191,84
19,189,34
10,151,50
48,196,51
2,361,3
8,29,12
49,115,99
-7,445,17
9,110,33
29,128,13
47,337,61
31,224,11
20,209,43
12,91,41
37,72,87
35,241,34
18,23,62
41,457,51
6,259,6
12,376,66
18,245,41
22,123,29
32,457,59
32,3,77
43,52,27
-3,331,7
43,439,3
44,435,66
18,305,6
32,496,95
30,228,40
11,0,79
34,6,63
0,417,33
46,24,50
48,115,4
21,256,1
25,331,27
34,44,11
32,195,24
23,454,19
-10,79,76
32,128,29
-3,0,80
-3,360,32
-9,325,23
22,159,65
45,124,36
16,75,64
26,453,26
28,305,64
31,203,37
-3,58,53
0,141,48
25,286,5
25,115,28
14,13,12
43,345,20
23,236,10
33,454,70
-4,136,9
-9,312,84
0,265,30
8,320,64
23,30,34
-10,217,47
12,269,15
27,44,5
40,10,54
-6,340,0
40,320,13
50,169,64
-10,132,58
11,372,87
40,228,15
7,351,12
5,422,97
13,37,44
39,56,83
10,471,26
49,384,49
-9,75,12
23,124,99
16,221,94
11,500,78
39,203,45
48,160,84
22,229,68
23,82,47
29,259,77
30,186,50
26,214,48
28,397,83
29,310,81
35,368,84
6,282,43
12,43,79
27,130,29
48,450,99
40,240,97
48,325,81
5,454,9
19,307,9
3,375,12
6,451,19
43,36,81
13,421,26
-6,195,88
26,272,13
23,316,74
18,436,18
17,429,5
38,480,59
3,319,80
42,434,81
5,483,57
-4,303,86
-8,260,14
29,463,45
7,475,98
41,119,47
32,389,40
49,173,54
22,140,15
12,276,68
46,74,16
4,81,67
26,419,46
17,392,18
-6,175,59
32,473,75
5,70,22
29,73,79
17,236,50
32,468,62
40,2,17
-7,410,35
6,423,21
12,425,21
48,304,85
30,311,28
24,151,18
28,133,74
-8,420,32
21,373,54
40,125,78
27,162,2
35,255,58
1,25,38
7,268,82
25,29,13
13,428,52
5,413,32
16,369,5
-5,330,24
45,280,12
37,363,5
46,487,68
36,173,66
47,54,9
-7,356,40
28,237,27
-8,145,63
43,69,100
34,211,27
45,154,46
30,353,38
40,124,26
42,500,7
37,16,44
12,460,96
36,351,5
28,493,30
40,21,40
46,36,54
15,19,67
26,415,31
9,61,19
17,349,50
9,433,38
5,410,22
48,482,82
20,465,51
19,95,75
49,310,71
13,305,54
50,424,18
-6,356,16
7,195,14
-1,125,68
28,94,87
28,265,7
-10,449,14
18,76,4
6,272,29
11,480,27
33,118,3
12,304,69
24,102,30
0,74,69
45,215,89
35,484,12
27,284,85
47,456,73
40,341,43
-5,314,78
-4,198,6
1,78,57
14,237,33
43,136,94
41,23,40
18,293,11
30,325,31
43,282,8
8,421,9
1,222,63
39,4,96
43,349,95
16,436,17
47,420,97
45,7,41
22,453,57
-8,52,33
4,307,13
26,465,82
7,283,14
10,192,5
44,4,32
43,145,31
0,308,15
10,484,58
16,0,95
44,4,7
35,25,26
-1,432,55
-9,447,58
-4,88,100
-9,111,23
16,408,91
38,301,70
25,58,96
39,163,32
-8,157,19
25,294,12
32,49,68
11,126,9
26,32,68
-8,478,0
27,382,93
23,375,26
40,10,81
21,47,44
49,271,52
22,383,45
41,70,36
23,97,79
49,294,5
30,424,67
7,355,87
20,377,6
42,39,90
32,13,0
8,184,83
0,361,97
-7,333,66
11,180,73
16,411,51
-9,331,46
32,61,68
-2,58,93
25,428,93
-2,493,81
25,437,29
25,391,72
37,201,65
43,67,68
-4,297,69
16,133,74
50,70,75
-7,47,30
2,450,15
-2,125,99
27,376,76
8,485,46
24,411,86
31,319,94
9,373,18
45,18,5
23,109,50
19,260,5
37,133,91
2,416,76
8,201,8
3,16,77
28,233,81
47,286,72
41,59,71
21,28,21
38,162,53
1,152,97
22,290,81
45,352,29
29,355,65
29,443,75
0,287,78
38,301,96
6,381,89
2,176,19
-5,391,77
29,221,14
23,257,28
11,112,61
-1,153,24
9,27,20
42,477,68
17,241,12
8,300,59
15,45,26
34,450,52
43,37,39
47,223,30
-6,218,80
35,215,37
12,274,13
26,432,75
6,322,18
16,186,33
45,214,100
16,262,42
44,134,89
20,461,57
46,499,27
30,116,54
11,480,72
-10,451,87
43,437,65
44,298,45
27,414,64
10,490,84
-8,37,71
30,319,59
33,106,63
31,92,17
8,120,83
6,306,41
15,321,43
-9,190,34
35,18,76
1,353,84
18,121,72
42,54,88
5,14,37
0,246,44
8,237,81
32,224,59
50,194,33
6,97,15
21,429,27
32,122,1
13,456,28
42,344,76
12,392,11
38,492,34
-5,197,29
10,71,37
-9,411,31
7,213,2
34,29,68
33,385,99
8,308,88
38,67,76
50,65,75
16,209,48
6,220,49
0,379,12
6,400,1
42,25,18
34,82,77
12,428,86
41,141,82
50,140,59
-7,159,75
40,81,43
25,443,61
-9,252,52
0,335,62
-3,203,61
-1,454,70
35,10,10
7,294,94
-7,196,78
-3,123,23
47,251,91
3,229,17
-8,378,75
9,10,87
-8,290,82
-3,175,19
44,214,52
11,178,71
27,281,26
-4,310,44
-2,207,22
-1,169,50
12,7,47
48,132,31
-4,440,50
7,298,43
10,320,77
28,93,28
22,335,89
4,76,0
49,180,60
3,433,79
-7,107,32
36,173,4
34,36,67
39,217,14
42,135,80
40,357,68
20,8,46
26,12,98
0,485,23
44,292,51
-10,406,92
-1,297,89
8,415,15
22,228,18
7,96,65
-3,342,61
33,27,32
-3,162,46
33,316,81
46,92,99
-8,192,7
12,265,36
41,279,34
-7,58,79
-3,422,76
25,173,53
5,192,16
33,105,74
47,154,14
3,274,68
-4,371,92
41,345,24
36,97,14
27,440,3
21,499,49
20,91,42
42,354,28
36,268,28
43,337,49
26,465,18
0,167,84
1,189,92
47,402,82
27,250,28
45,440,72
2,499,91
37,103,52
-3,208,48
25,112,91
40,192,42
41,451,11
30,237,18
21,463,93
40,444,94
37,157,15
-5,396,49
49,367,53
25,391,7
38,444,82
32,179,26
41,243,83
-1,498,22
-9,481,13
39,48,39
39,58,32
18,287,19
41,174,71
10,201,100
-2,147,79
-1,109,23
15,4,27
4,191,20
46,134,44
47,194,91
5,25,13
37,112,71
26,148,69
16,108,25
4,140,4
30,350,69
29,46,11
34,240,4
9,396,54
25,330,92
12,321,44
33,267,66
11,290,63
25,221,65
33,430,20
-1,161,33
-3,311,79
9,376,8
-3,268,30
21,455,32
0,440,51
5,476,44
40,232,38
0,254,2
28,338,9
28,421,4
32,77,48
6,296,85
-5,400,26
40,319,47
33,306,67
43,308,91
20,459,72
19,356,3
18,404,44
12,275,65
37,194,84
-8,119,87
-4,139,80
45,423,43
44,278,10
48,361,92
47,63,17
15,188,88
45,118,50
-3,326,3
19,145,70
-7,475,30
45,72,56
3,50,14
13,351,20
20,267,15
-7,219,14
0,74,98
2,207,67
45,290,30
40,72,17
14,161,97
32,127,46
18,65,3
1,410,83
20,415,15
26,466,86
20,439,27
7,47,4
44,25,56
-7,262,39
0,375,14
16,85,100
-8,164,100
29,179,35
36,316,88
20,483,3
1,187,93
13,195,77
0,471,72
21,322,13
11,30,5
49,116,92
30,486,11
8,233,45
12,308,89
-1,472,64
10,453,38
17,452,77
2,234,32
25,192,93
4,73,10
7,404,21
18,141,23
9,221,22
-8,173,5
41,330,24
49,403,7
32,356,95
41,442,21
23,195,82
40,300,61
9,16,40
43,147,26
17,293,65
15,344,50
19,324,81
28,80,15
-10,124,19
21,372,44
-1,362,38
40,419,85
0,68,0
6,291,26
-7,449,100
49,150,58
28,445,84
33,440,70
39,102,44
48,488,35
37,375,71
8,302,35
14,362,60
18,103,19
4,275,40
0,47,88
-7,157,61
41,140,65
-4,341,33
19,337,75
24,54,44
19,217,44
17,75,60
1,296,89
34,266,1
28,490,89
2,499,5
21,474,7
50,260,47
35,386,97
33,48,15
31,235,69
28,154,94
5,182,26
-10,413,0
10,494,73
27,493,93
-10,143,18
10,160,70
25,24,54
43,322,17
16,136,26
-2,205,27
6,445,5
38,116,54
34,482,44
36,426,69
49,497,85
31,51,28
39,58,61
3,299,47
14,66,64
23,320,83
-2,197,97
-5,314,62
30,264,71
7,304,6
35,351,71
50,365,73
31,329,96
-9,259,14
5,153,82
30,403,68
-8,455,75
-8,258,16
14,229,4
41,166,9
-7,148,60
12,287,38
28,175,16
33,461,0
12,475,57
9,259,45
16,370,49
3,458,21
7,124,77
-3,493,19
0,253,97
39,358,97
40,268,63
20,262,17
15,425,38
28,366,86
41,413,11
4,180,44
12,454,95
33,239,70
21,470,7
48,289,90
47,24,95
31,4,77
49,156,28
-3,384,99
13,37,47
17,60,24
40,222,66
26,341,9
5,138,21
30,294,95
9,216,73
27,201,24
19,419,18
34,306,52
10,114,40
50,449,97
45,451,76
-4,168,75
-7,374,31
8,417,44
22,447,71
34,450,2
1,113,4
24,448,5
-9,241,44
0,43,70
47,144,14
21,444,84
38,408,63
9,50,86
34,316,56
24,441,78
24,53,90
50,470,42
16,329,64
43,280,89
39,448,46
47,218,2
25,325,40
-7,54,81
0,37,97
43,281,21
20,154,59
25,250,9
-1,140,56
24,496,92
12,174,96
17,418,46
38,347,85
25,261,28
11,341,0
10,83,13
13,27,75
40,66,93
6,259,71
13,278,97
41,421,49
13,327,70
24,445,69
45,346,17
50,75,96
30,102,25
0,480,83
1,277,36
15,384,21
40,312,15
40,189,7
17,180,0
50,263,46
1,25,60
27,41,40
45,303,47
33,449,47
23,416,35
31,494,45
-6,271,33
14,76,12
47,49,32
0,492,82
10,198,87
6,266,87
7,359,16
22,234,13
44,290,74
-8,52,38
7,102,27
8,356,79
50,377,9
1,174,96
50,44,74
32,301,79
35,101,61
47,184,92
2,427,79
27,371,16
28,109,5
10,39,82
-8,413,21
34,387,25
-5,317,49
30,467,48
29,52,88
-5,199,55
24,78,97
13,217,18
-1,341,51
36,206,39
15,178,100
13,336,15
12,201,40
26,292,69
-1,470,20
8,445,95
46,303,96
9,16,96
16,495,55
37,298,32
32,292,99
7,352,90
31,296,65
41,42,13
27,136,78
24,410,98
28,280,44
41,324,73
25,49,63
21,341,68
42,260,60
45,395,40
16,308,22
0,340,5
23,319,84
48,418,45
6,406,22
40,398,55
7,108,61
-6,251,82
48,214,19
40,97,95
31,320,98
35,310,13
45,248,94
23,361,16
11,37,100
-9,314,94
20,134,87
17,165,24
26,50,82
29,188,18
20,106,100
16,61,60
7,212,9
40,254,8
4,63,64
8,68,95
19,411,3
33,234,52
4,246,56
-8,300,22
45,364,22
1,205,91
-5,361,74
-10,413,89
11,63,26
9,323,89
3,313,37
31,313,90
-7,16,46
27,262,86
17,43,52
19,71,71
38,188,70
16,433,37
28,382,91
47,159,55
8,222,37
21,317,18
42,37,10
20,199,9
7,426,42
-1,342,84
10,380,79
41,291,100
31,20,49
21,125,33
-2,483,2
47,388,31
-10,98,31
8,321,28
1,369,88
19,16,89
38,110,45
22,104,19
45,298,3
30,216,23
11,231,65
4,154,62
-6,310,76
-2,308,79
48,288,7
22,173,16
25,414,14
44,259,36
48,344,29
4,37,80
3,313,99
42,213,99
31,383,7
9,199,80
-7,296,45
34,307,35
37,83,45
1,235,78
21,172,95
4,237,63
45,100,28
13,118,25
-7,208,28
-6,146,14
-6,466,78
-10,122,73
33,368,78
46,35,23
4,34,78
18,361,19
4,205,51
20,388,66
23,324,12
13,302,32
38,348,53
-2,370,53
19,340,94
25,44,86
-4,453,54
12,209,26
32,443,37
3,322,26
-8,282,76
32,108,30
29,197,76
42,352,87
14,464,53
-9,256,88
3,215,1
41,86,56
31,494,77
37,3,86
-3,450,18
4,248,6
45,0,90
2,476,4
20,46,41
24,459,76
18,269,72
33,22,54
40,109,66
33,229,55
-3,420,43
12,469,50
48,26,81
49,69,63
-10,361,79
47,316,88
47,248,87
50,204,69
14,430,75
31,108,66
-7,165,49
33,278,53
11,238,15
-2,215,65
7,302,48
15,177,19
16,349,46
49,207,2
20,418,64
39,108,100
45,357,19
3,37,56
38,169,41
22,210,35
-1,386,5
28,70,56
33,368,31
11,351,57
34,347,9
-9,236,64
9,70,35
37,488,73
4,296,38
-5,244,99
38,53,95
16,337,81
13,206,15
-10,252,21
-9,178,3
26,136,6
13,427,44
25,236,11
37,382,21
41,159,37
24,218,83
42,102,86
40,411,98
46,33,94
3,40,27
14,431,64
17,320,63
38,7,49
24,224,26
0,21,10
-9,112,95
-10,202,91
15,296,68
-6,210,95
18,245,26
28,449,96
22,270,57
34,277,16
20,136,95
-9,460,42
46,213,18
47,409,30
27,299,55
12,330,34
33,469,26
20,463,8
-3,173,95
-3,403,2
38,25,24
13,153,71
45,357,21
-3,154,77
-8,91,43
3,300,70
40,452,97
17,235,50
11,441,49
34,267,26
45,236,88
0,300,25
8,375,50
46,184,83
29,328,50
5,408,79
-7,358,74
42,19,39
-1,312,39
18,370,25
14,118,4
-10,176,56
33,178,89
1,498,92
12,286,55
48,348,91
-9,101,29
46,159,64
15,392,27
20,8,39
33,282,10
5,373,27
17,235,22
42,436,56
11,442,91
39,19,4
23,261,0
-9,388,95
50,257,97
18,259,49
12,50,42
-6,160,98
23,397,24
38,64,63
32,317,66
39,247,62
21,293,71
6,321,35
-4,391,54
39,472,76
39,352,11
46,91,48
2,124,55
26,180,57
8,141,4
12,232,89
13,86,46
32,347,77
18,38,77
39,334,48
7,51,31
16,433,92
5,188,18
38,196,15
50,171,29
30,227,33
-3,413,100
-10,403,14
10,221,19
33,254,88
-9,149,97
9,426,22
19,60,58
16,232,53
-8,221,72
48,488,4
-10,305,11
13,333,48
43,158,82
47,495,69
24,264,50
45,7,1
-3,248,82
29,264,51
-1,152,19
24,158,97
10,282,64
39,138,29
-3,381,25
8,186,37
44,358,92
40,221,49
48,316,59
11,257,6
11,426,49
26,4,5
7,257,4
44,494,51
43,316,65
33,119,41
32,468,8
43,316,35
28,133,52
1,36,42
21,296,16
18,227,68
-7,240,27
50,384,86
-10,366,79
5,62,99
40,206,0
20,451,31
21,205,29
-10,313,45
6,342,35
43,54,13
37,362,29
10,133,71
45,75,68
5,365,19
11,73,8
31,224,1
28,142,48
12,156,84
47,228,77
45,273,61
19,474,19
0,282,14
13,42,74
49,450,95
47,277,98
24,179,49
-2,410,54
32,185,28
19,302,70
35,145,8
43,335,74
12,373,28
41,95,45
41,177,68
44,285,10
-1,77,79
31,334,64
45,258,32
40,472,50
47,274,74
33,33,14
39,280,67
4,457,68
42,314,85
8,291,19
3,259,95
-7,386,61
23,12,67
-6,176,85
0,238,70
49,428,15
-2,115,54
15,356,2
33,123,4
13,191,52
12,159,57
50,13,79
22,156,14
45,183,24
0,1,83
-2,64,79
4,328,44
25,128,12
0,234,35
21,211,0
27,293,21
25,390,55
6,226,49
19,133,21
-6,438,3
41,46,5
7,345,47
18,455,35
34,458,61
20,428,93
34,194,93
5,195,51
31,45,85
19,338,24
43,280,42
40,376,40
46,245,31
11,441,76
40,130,53
9,84,71
29,84,95
16,79,78
-2,442,53
2,141,66
44,102,98
43,498,39
-10,276,96
-3,452,17
6,14,64
16,128,86
44,333,7
28,196,74
23,199,25
8,469,21
40,359,55
19,129,98
9,191,95
11,37,90
18,330,22
24,285,10
44,64,91
16,117,95
-3,29,42
-7,427,55
30,349,68
11,21,42
43,411,33
50,498,35
-3,347,67
22,217,66
46,351,30
38,404,95
-6,321,78
19,212,76
34,247,16
33,178,97
1,100,35
11,323,63
-6,436,96
0,474,0
43,417,66
14,488,81
5,271,4
46,458,91
45,386,20
19,351,88
45,88,66
18,100,1
43,19,83
49,421,76
-4,309,51
-7,63,16
-4,31,51
-5,26,70
4,328,99
49,62,42
43,295,11
18,108,16
50,22,61
30,218,34
46,288,62
11,307,69
-10,305,42
28,246,36
27,186,59
22,382,57
15,215,4
15,363,39
5,174,24
26,427,89
-4,245,7
29,291,92
-3,346,93
21,318,43
25,3,96
8,394,80
36,55,67
-4,390,76
40,203,25
36,219,83
-2,221,36
22,93,60
-8,230,64
24,216,28
35,134,29
29,327,97
15,250,85
48,315,72
44,193,71
15,192,77
23,294,10
40,436,14
23,236,36
40,414,42
28,250,22
31,79,60
8,487,41
-1,51,6
36,36,48
16,344,17
4,329,83
45,188,65
28,249,1
21,0,75
23,122,12
-1,436,12
34,187,17
15,247,55
35,383,42
22,317,87
40,153,75
-8,241,4
40,243,2
44,181,14
-9,466,64
7,410,17
8,7,23
43,440,80
4,456,39
15,108,8
14,402,12
10,354,17
-2,282,69
-1,103,65
8,323,52
2,396,94
27,409,88
41,478,98
11,260,95
6,497,31
29,100,25
6,184,37
41,452,24
44,338,47
15,259,93
18,224,42
27,393,88
36,306,31
49,376,67
33,471,95
6,334,13
-8,114,2
23,34,98
37,211,60
24,470,19
-9,188,46
4,212,52
7,310,28
31,335,37
42,439,71
37,238,60
18,325,71
27,290,18
-4,328,77
33,373,65
31,211,88
27,433,58
42,417,26
-10,385,82
47,434,88
10,140,7
42,390,59
23,115,5
34,217,52
21,311,43
5,461,2
50,63,0
10,26,3
17,61,72
9,142,31
13,419,71
50,335,48
49,66,10
23,159,71
16,42,4
9,95,85
7,250,100
25,225,89
45,242,33
22,97,57
36,223,95
10,88,72
50,434,42
-4,298,46
40,206,76
34,484,52
10,184,79
21,208,19
-3,404,82
20,181,96
8,122,21
32,454,40
17,64,1
0,183,70
43,393,1
31,447,24
25,210,95
15,465,64
27,387,66
11,30,12
0,142,65
1,52,56
-10,163,80
40,97,2
12,315,29
11,473,98
12,274,30
2,226,57
29,375,63
13,492,96
42,367,62
21,237,77
41,486,13
2,381,100
41,215,44
25,153,57
-7,312,20
-5,341,22
-3,313,40
-5,383,4
10,76,48
11,306,51
41,214,76
43,236,30
48,386,47
38,259,53
31,203,32
33,365,5
19,341,33
19,234,69
3,102,29
15,37,46
44,47,83
45,458,40
34,453,28
20,171,32
6,493,98
28,432,80
41,50,47
19,358,18
26,414,55
37,117,59
-3,45,48
31,48,34
40,414,30
18,300,11
23,200,65
47,393,9
33,255,100
-9,3,14
-6,311,64
-10,399,20
30,316,65
6,498,14
40,488,6
11,480,37
23,290,69
11,105,78
4,63,100
35,258,27
35,7,64
32,343,60
0,189,10
-1,38,10
26,161,6
40,221,18
13,350,49
21,100,66
-7,124,62
2,310,82
36,396,0
4,348,14
-4,474,69
48,159,76
50,341,100
-10,275,88
-8,182,57
30,193,93
39,113,42
18,393,0
9,222,5
19,384,100
34,391,34
26,474,81
26,423,10
28,241,25
19,156,98
12,107,24
26,181,10
45,118,63
36,328,33
9,318,70
27,463,86
24,373,46
43,79,35
5,412,87
24,88,78
16,15,40
46,481,45
8,387,57
20,478,55
-10,425,87
19,301,12
0,163,87
-8,289,37
16,227,30
48,331,1
-5,276,32
23,170,66
36,49,67
29,205,75
2,443,91
14,265,28
20,296,28
-9,254,27
12,389,46
12,270,76
33,269,99
20,335,87
35,43,45
0,374,2
-8,18,51
34,176,51
10,127,52
-1,295,11
3,122,19
12,9,36
3,348,6
13,137,49
-8,51,53
42,154,34
-6,129,70
16,332,40
13,25,66
25,156,87
29,239,3
25,126,39
32,60,60
0,173,48
-4,286,58
42,16,55
49,212,27
19,85,99
30,435,40
27,251,93
36,198,91
5,86,14
6,304,16
49,438,91
8,424,89
10,258,46
27,179,18
11,204,54
14,173,14
-8,147,87
29,221,85
-7,267,71
23,153,66
32,172,13
-10,337,41
39,276,83
1,332,46
41,278,78
21,254,66
11,379,1
13,35,19
12,132,10
44,420,49
9,298,36
32,245,49
43,493,44
35,155,8
12,323,11
48,341,55
24,273,27
-4,119,27
40,132,68
10,361,85
19,269,88
36,397,20
-8,317,25
47,266,76
39,435,41
42,367,35
39,449,32
17,242,82
35,473,99
34,406,79
15,119,8
7,225,49
50,438,30
41,337,38
41,434,76
3,482,69
11,376,47
-7,37,84
27,111,24
41,319,30
5,195,2
36,271,11
18,280,58
48,384,62
-1,8,60
-3,302,6
16,325,1
26,116,74
0,229,9
5,276,30
32,266,98
37,69,42
15,245,36
5,466,31
29,321,30
36,353,13
-6,105,91
4,454,41
42,126,90
35,439,46
33,122,74
42,223,25
22,369,17
9,298,58
40,355,30
2,413,52
0,383,29
49,5,17
18,177,75
40,126,65
-10,312,74
45,406,97
11,98,0
-1,43,70
38,338,73
30,127,43
15,290,19
31,357,96
30,19,30
17,202,53
-5,260,90
25,23,58
3,339,40
29,168,20
0,332,90
-10,134,51
34,81,4
28,418,53
8,280,31
-8,279,32
37,29,90
23,238,100
-2,350,49
14,62,95
-2,118,0
46,171,2
21,476,9
10,66,57
17,314,74
-6,210,2
-4,145,91
43,220,38
49,298,49
18,470,60
15,280,24
48,492,26
-9,488,87
30,13,77
-1,132,97
8,407,62
32,79,13
39,66,5
45,199,36
0,405,9
-7,234,57
39,295,91
27,38,80
19,170,77
7,361,74
50,323,30
40,159,13
14,269,46
16,140,57
11,188,84
7,196,44
15,282,82
22,351,35
20,432,68
7,493,88
-3,328,64
-9,222,16
48,162,10
-10,116,70
43,86,81
-8,195,65
12,436,80
-5,356,2
34,298,47
4,160,61
49,165,3
14,107,29
43,23,12
26,218,69
38,52,51
38,484,93
26,54,39
37,306,59
16,70,3
38,373,100
36,235,39
-6,352,96
40,356,64
-5,135,66
46,437,15
28,207,72
37,464,99
22,232,39
-4,305,14
6,112,73
20,387,99
25,292,62
9,198,28
20,401,1
-2,118,9
46,475,4
-5,118,100
37,250,25
20,273,83
5,117,87
-8,351,25
-9,342,5
19,90,17
33,476,0
22,10,95
41,268,39
17,55,87
28,324,36
43,445,60
11,154,30
29,48,94
49,224,46
19,49,68
30,470,13
43,89,41
43,45,64
48,244,96
14,475,22
-6,369,21
2,347,10
45,241,77
47,58,39
38,198,58
17,171,58
23,33,30
-8,244,73
15,253,5
15,330,27
16,470,48
19,342,67
38,0,11
35,325,61
29,148,94
24,415,17
46,295,76
23,180,73
36,458,15
-9,31,75
28,119,18
24,344,90
50,271,80
3,360,98
-4,28,76
-7,57,86
-9,453,58
12,204,17
2,17,19
13,161,76
42,18,94
15,120,6
-7,28,7
-1,482,76
20,240,25
1,271,16
12,356,31
13,317,5
25,264,51
21,91,94
-4,272,66
6,374,23
-7,423,31
42,26,64
13,186,69
-10,31,62
50,497,95
32,1,99
43,42,21
48,172,19
39,92,7
38,113,92
8,184,24
5,278,75
31,64,89
50,39,2
12,316,13
43,206,71
27,101,69
42,262,13
45,40,11
-2,317,99
17,401,82
11,470,33
15,245,17
27,464,52
38,156,14
34,88,75
11,156,58
40,170,56
25,79,79
-1,492,96
25,378,72
-3,56,19
-6,452,31
18,350,43
-4,474,80
48,428,37
-9,152,13
-7,223,11
27,465,60
37,413,61
-6,305,54
22,296,12
38,32,74
11,56,22
-10,187,61
15,377,7
43,269,96
29,122,80
44,415,63
30,266,45
-3,112,87
29,122,79
-3,144,99
12,3,62
0,64,26
42,427,21
-7,182,51
13,272,17
30,466,71
-3,27,39
-2,260,1
2,74,53
36,167,1
8,113,33
1,9,47
9,159,54
2,361,2
10,462,19
18,239,98
29,108,63
-8,219,28
46,174,14
37,213,67
8,219,27
23,495,14
24,72,3
19,124,37
29,131,67
43,143,30
11,5,36
44,211,39
34,268,45
2,312,64
-5,344,35
-9,208,63
30,17,75
0,97,32
28,117,0
10,49,65
26,340,59
9,7,18
11,82,98
49,48,40
42,51,61
28,350,13
-3,378,3
50,32,48
32,180,27
-5,476,57
42,482,16
12,477,5
49,97,40
-3,84,35
23,76,14
41,3,2
2,472,89
28,11,23
50,15,66
-4,477,94
37,333,61
-6,453,95
9,234,28
-8,167,99
37,137,1
10,10,38
34,34,15
15,200,0
31,418,52
0,295,0
-1,140,27
34,58,78
12,229,88
37,12,83
-6,256,51
-7,72,21
27,491,26
23,26,80
16,371,22
-5,31,61
8,443,41
22,165,81
5,251,78
38,347,27
2,151,90
41,381,87
5,110,87
-10,199,9
13,154,41
4,390,1
-1,482,67
-10,191,71
1,402,97
15,164,3
39,471,52
23,58,27
12,12,83
-5,225,79
29,258,89
29,416,18
2,310,87
7,443,79
27,37,90
5,424,65
17,56,66
23,128,94
-7,99,58
27,29,86
37,13,26
50,139,42
-10,390,18
-4,458,86
42,335,35
10,284,77
24,216,78
-5,24,70
0,25,88
19,264,92
30,208,13
43,356,99
4,31,46
28,124,24
-7,95,97
-5,54,22
41,131,54
-8,272,8
-8,39,92
3,159,30
47,212,82
45,30,87
24,463,80
16,389,15
6,325,58
9,226,13
-1,103,90
44,163,3
43,100,89
48,263,41
11,412,100
32,211,33
11,344,82
46,407,48
28,320,12
13,27,80
35,268,16
24,194,0
4,442,35
4,369,38
20,237,5
43,491,52
7,57,14
38,106,16
10,425,71
31,197,38
24,80,64
39,108,59
24,221,19
50,469,96
3,463,64
19,221,93
23,466,28
43,61,65
10,347,80
1,237,66
37,256,69
-5,212,15
-5,125,51
11,216,26
10,19,38
42,282,33
7,481,0
32,193,29
46,370,99
10,463,20
48,76,49
7,381,45
9,83,17
20,93,38
47,251,99
43,90,77
14,356,39
33,497,0
34,395,68
27,68,15
47,379,71
33,44,73
-1,324,98
37,486,31
20,70,46
30,18,69
30,400,86
41,6,32
50,172,34
25,333,37
-8,209,45
-5,187,57
36,85,40
18,175,53
14,444,18
-9,55,12
26,316,95
14,206,30
-8,55,26
19,382,13
17,288,12
26,57,71
2,11,18
-4,340,22
47,119,92
41,206,10
16,223,88
31,428,74
14,96,71
23,236,100
15,132,56
46,187,91
1,484,60
20,315,34
34,261,84
23,157,62
9,440,24
35,56,75
49,256,45
10,420,61
10,227,62
49,115,99
-7,170,27
0,466,47
27,491,72
38,275,97
41,47,3
32,6,31
48,311,31
3,45,8
-8,456,2
17,215,99
36,349,94
23,72,29
36,432,59
42,90,62
44,237,42
-2,354,39
28,186,28
11,95,12
42,62,97
28,153,8
-8,482,7
18,271,25
42,110,55
8,428,27
28,179,81
5,456,80
-2,222,5
2,438,71
12,177,45
47,28,37
15,91,2
21,228,92
6,267,57
-6,25,19
-5,20,69
23,425,93
49,180,78
27,121,46
25,235,46
13,52,41
21,280,78
46,297,74
41,454,89
-6,48,27
36,95,52
8,109,49
49,466,90
26,386,82
-3,151,82
44,219,43
42,69,18
20,338,62
46,143,26
11,343,71
3,54,25
4,247,76
-9,439,65
0,470,13
-5,194,86
0,261,35
19,114,41
32,194,40
21,71,25
36,416,42
-2,425,99
11,305,20
20,318,9
30,407,16
27,218,71
24,172,47
5,122,69
32,397,80
45,398,96
31,184,73
13,405,10
28,259,20
44,25,65
14,56,89
37,391,82
32,373,43
-8,228,70
26,185,30
33,120,97
48,120,73
47,276,63
23,47,68
3,182,22
39,289,50
13,452,83
29,99,35
7,425,39
18,11,8
39,434,70
30,327,10
23,457,72
13,112,30
5,88,36
13,40,19
-10,386,88
40,127,41
18,78,100
44,13,29
37,253,25
-2,210,1
43,445,56
31,108,39
31,2,53
16,188,85
32,436,83
31,106,87
31,155,35
50,199,92
24,4,83
35,100,88
45,355,21
21,269,48
14,87,45
7,279,77
-1,74,46
37,77,25
12,136,99
-9,75,47
46,200,22
46,30,48
19,312,73
43,189,74
20,373,91
50,353,34
17,193,79
29,129,36
38,267,4
37,217,68
32,200,50
30,285,61
19,277,41
49,450,57
35,92,90
3,78,5
15,107,16
50,161,21
34,418,10
37,139,60
-1,166,12
40,434,13
38,335,67
33,5,46
33,212,23
13,166,17
39,419,77
25,101,61
47,342,36
8,87,31
35,304,24
22,149,75
2,58,2
22,328,8
-7,220,92
18,241,67
7,45,79
16,353,99
19,250,69
-4,458,65
29,0,53
-7,215,73
28,99,38
7,65,7
9,437,53
-10,63,96
49,354,44
38,411,27
43,112,26
3,281,31
-3,69,95
10,172,75
38,84,8
47,359,57
-10,320,35
-1,78,27
11,398,11
37,255,77
47,406,0
38,222,22
26,309,59
29,373,36
43,305,46
-3,2,88
9,331,86
25,189,55
13,255,13
46,224,50
32,388,36
29,296,89
49,367,72
18,270,28
44,269,4
31,110,9
45,269,21
-6,216,87
34,175,0
8,242,57
3,214,72
15,239,79
-3,485,54
42,344,65
3,292,81
-2,49,85
-9,126,73
26,108,89
40,160,92
25,350,4
11,193,64
-7,465,3
37,194,81
26,101,5
50,402,96
-2,115,80
18,176,76
-5,243,37
29,338,58
20,284,57
23,151,96
-5,125,5
10,94,93
-8,331,44
-4,130,5
-1,90,23
46,278,4
12,183,96
-10,145,27
26,217,47
27,56,5
14,122,52
28,289,40
39,155,75
23,285,15
38,322,19
43,384,63
48,93,51
-6,454,42
15,422,87
8,261,78
1,185,84
28,431,87
0,398,31
9,337,41
24,432,32
42,81,61
1,215,38
16,451,30
5,78,75
5,260,62
18,96,82
31,133,99
14,42,61
-3,217,2
36,399,14
3,173,21
37,297,42
-7,35,56
29,215,40
23,81,90
31,376,34
-1,407,61
-2,261,17
28,214,50
17,165,51
2,341,36
27,430,15
34,434,9
17,390,92
30,217,92
10,201,25
46,72,80
10,64,82
-7,119,31
7,397,18
10,172,79
27,84,88
32,43,21
1,120,41
-8,188,83
4,317,25
18,384,80
32,196,42
39,282,41
-4,362,11
25,186,100
27,217,88
46,65,63
6,376,97
34,392,35
4,64,69
46,29,3
-9,482,99
8,302,55
-8,349,19
32,182,55
0,379,49
14,93,52
19,244,39
10,247,83
49,60,85
42,347,42
8,9,49
41,82,50
7,391,3
-3,212,35
49,63,43
0,126,89
31,47,55
27,389,45
48,319,79
34,46,50
41,140,0
21,190,13
18,7,89
-3,83,32
48,96,40
8,487,32
25,263,64
9,191,17
19,402,4
43,173,71
24,384,32
23,74,87
31,423,74
-1,416,20
36,490,91
25,473,60
9,476,83
30,136,2
29,133,21
-6,118,38
4,357,77
47,98,66
25,342,12
-5,97,94
20,373,28
28,222,29
-3,139,99
36,393,3
23,212,0
5,497,84
31,192,78
40,85,94
-6,481,92
31,358,42
46,88,19
5,120,13
4,183,15
0,446,11
19,135,28
46,239,47
17,101,48
20,283,52
6,340,37
20,487,82
19,438,76
1,68,9
42,12,4
-7,135,61
24,393,36
37,471,62
42,497,9
22,36,8
21,475,100
43,244,82
38,104,94
44,138,26
-4,284,41
-4,218,73
-10,389,83
36,64,59
2,106,18
46,87,29
50,76,37
-2,386,9
-2,137,48
7,192,34
14,264,55
34,372,12
-3,279,76
33,336,32
49,87,52
11,138,6
44,274,35
34,364,72
34,329,26
31,51,53
48,36,41
22,323,18
15,59,21
42,281,68
-9,332,83
33,355,47
-3,313,50
37,368,34
15,96,84
38,60,63
44,362,17
14,28,7
45,59,74
32,320,93
-7,222,85
30,148,11
-5,280,59
1,201,9
39,197,69
41,385,81
-3,63,36
9,7,91
9,180,98
-8,280,50
5,161,81
-5,325,41
18,23,38
27,491,4
25,13,84
38,382,78
11,64,33
19,17,43
1,337,7
34,410,50
22,269,30
-3,11,50
-9,36,66
16,404,23
5,37,19
19,493,89
-5,175,52
22,272,29
13,256,72
6,229,46
21,497,8
7,335,0
28,321,91
31,31,17
0,291,21
31,371,73
-10,42,48
43,1,63
24,198,95
19,272,97
-1,33,61
16,157,98
-1,170,18
49,411,27
44,447,60
15,245,93
11,371,43
33,50,91
4,335,77
34,316,49
47,74,25
-5,210,45
39,481,94
48,267,27
-5,390,26
43,156,72
23,274,97
45,100,50
33,212,0
-9,254,61
14,80,10
15,306,27
27,18,80
12,115,45
31,230,55
32,358,4
-1,19,39
4,261,67
13,451,41
4,198,97
-8,257,87
-8,15,62
41,441,100
16,4,69
32,484,70
11,219,48
46,436,21
35,93,49
19,429,39
37,355,100
8,414,94
32,76,68
-7,268,22
6,351,25
21,270,23
48,147,55
26,250,59
35,253,23
42,288,49
3,325,7
28,22,18
15,485,90
-8,49,85
32,496,58
24,293,94
32,299,67
39,386,73
50,222,97
28,81,64
48,449,90
50,458,6
10,462,94
37,489,3
17,235,85
37,432,17
-8,427,43
17,106,23
40,23,81
31,108,81
-7,326,33
7,190,54
29,137,5
21,190,53
4,305,21
20,125,51
20,386,49
11,470,20
33,363,12
41,478,27
47,137,11
49,314,63
3,297,97
23,0,76
20,340,92
22,71,21
-10,109,13
1,119,27
16,496,72
34,306,14
15,17,76
-3,450,37
8,94,68
50,442,89
12,203,100
40,277,95
19,486,42
14,343,97
21,12,37
-8,399,52
49,185,18
1,51,22
34,208,55
48,301,39
8,296,55
23,73,89
43,169,11
29,209,77
10,413,58
25,91,49
4,477,29
46,23,17
18,22,80
6,70,62
42,192,14
-7,150,47
37,449,71
28,489,76
21,162,75
27,44,37
2,453,36
34,91,32
8,477,74
-10,466,8
-3,275,15
25,223,12
30,69,17
31,412,43
18,484,94
-5,139,76
24,443,84
45,323,60
19,225,18
29,206,24
47,382,75
15,69,26
21,267,13
26,89,40
30,319,12
50,153,78
14,401,62
49,155,80
42,269,57
-3,192,22
2,234,65
50,204,73
0,86,98
13,25,28
44,355,63
-9,117,16
45,248,25
-4,7,52
11,411,37
-2,169,67
27,137,35
32,112,7
-2,125,34
29,135,76
14,1,98
43,263,86
28,423,48
29,244,26
28,87,93
21,406,64
24,155,36
-9,97,12
50,380,75
36,311,24
-7,194,64
37,258,29
23,92,65
49,83,40
24,324,89
17,457,46
6,110,91
9,89,47
7,443,26
33,452,20
48,139,97
38,146,15
19,125,11
8,105,100
1,230,96
37,396,48
0,65,80
28,233,40
16,156,40
40,1,22
35,383,5
-9,281,2
1,59,11
1,107,64
19,464,47
6,307,90
44,351,70
45,313,36
2,82,75
0,191,100
39,148,10
22,337,60
-9,82,34
13,354,82
-1,23,14
0,49,35
35,36,99
-2,200,44
18,315,62
49,219,73
50,82,9
-1,227,35
-10,471,50
25,190,11
16,366,30
20,470,83
9,2,22
1,352,16
-8,471,55
22,314,33
28,88,99
11,368,46
22,293,92
39,123,93
24,184,62
9,344,84
48,124,51
49,357,22
22,490,41
18,188,55
44,174,21
32,455,95
31,50,33
30,48,1
23,447,11
43,174,37
-6,168,90
42,468,71
18,110,23
42,66,42
49,46,99
42,25,46
1,173,62
45,235,63
29,262,34
6,178,81
46,392,86
20,157,47
5,178,92
7,36,42
46,3,85
-3,476,88
48,355,12
41,95,75
19,282,20
-2,385,3
-1,67,0
-7,188,34
50,460,23
6,428,67
32,234,88
27,233,30
20,173,12
-2,167,14
34,294,24
32,490,9
35,292,24
14,381,64
0,436,56
20,337,33
49,327,27
4,84,8
42,234,77
29,216,43
20,158,45
30,164,20
35,132,73
33,197,68
-9,187,7
24,253,1
-6,450,9
10,404,48
13,396,56
-7,320,44
6,190,81
13,368,78
27,383,26
44,384,78
7,279,75
20,22,57
9,424,38
0,142,77
47,338,100
39,3,2
29,82,8
33,359,90
9,21,82
6,236,88
15,455,79
45,64,44
-3,488,30
-7,139,78
49,328,94
-2,45,89
-3,280,15
18,207,61
48,463,45
14,49,76
48,403,61
44,2,21
47,208,67
-6,314,55
-2,388,22
38,282,94
44,37,40
8,350,32
4,84,85
15,165,64
23,198,79
19,258,59
38,203,21
-6,293,48
42,77,94
8,122,79
37,245,97
43,401,9
33,342,39
3,284,12
13,246,10
-1,233,30
42,102,63
42,142,23
11,52,71
25,285,22
-1,426,76
28,202,5
26,5,2
26,281,91
45,250,74
36,482,7
36,246,56
-5,44,12
23,312,9
4,0,91
25,90,13
-8,323,35
46,209,81
0,90,36
33,440,38
12,476,58
39,232,36
-8,401,14
45,15,37
30,424,18
35,423,54
14,43,45
2,16,56
32,468,41
45,445,100
24,438,90
12,285,87
-6,137,38
34,55,0
23,353,62
27,244,45
28,227,25
43,472,36
26,230,20
29,168,34
0,171,69
7,396,47
-1,127,35
30,325,32
36,355,15
-4,26,24
25,431,89
19,430,97
33,464,81
46,12,86
19,39,42
50,261,17
11,286,6
45,336,100
6,248,77
10,22,50
9,243,15
47,226,35
39,132,48
6,401,70
11,463,29
41,281,80
-5,389,0
38,302,72
44,26,75
12,23,79
35,470,6
32,416,72
-2,302,28
22,198,12
2,230,75
48,395,19
45,58,24
-8,78,55
36,250,24
21,73,82
49,469,42
12,41,53
-1,7,80
8,299,14
-6,321,14
-10,123,95
1,138,19
-5,405,16
-6,349,46
20,373,72
48,372,30
40,226,27
31,123,76
30,176,42
20,232,91
42,334,62
13,463,44
-3,404,98
46,47,24
4,474,64
43,297,11
22,312,81
12,412,82
49,337,80
25,451,1
46,192,2
18,166,22
32,372,34
-2,150,36
21,49,71
48,496,23
25,400,10
37,360,26
10,1,69
-2,48,27
33,144,80
12,177,89
24,34,90
31,246,72
-5,328,41
6,345,25
10,377,81
16,356,30
8,282,54
0,226,77
39,463,33
49,11,32
-7,468,3
-3,255,89
-10,11,23
-1,495,88
5,429,82
49,248,1
32,487,36
3,224,87
-8,496,65
-5,337,59
48,388,3
23,154,49
27,236,72
41,279,74
41,280,42
36,36,51
20,113,24
7,480,39
46,269,3
49,366,82
2,231,6
16,263,22
25,487,36
2,198,47
-5,194,42
5,48,51
49,15,52
8,390,20
49,124,29
32,350,80
9,386,69
30,371,83
12,241,69
19,10,35
13,44,36
38,370,74
1,204,23
15,51,56
34,286,73
50,49,81
30,298,76
10,334,75
-3,2,96
4,389,1
47,80,68
-7,98,76
11,423,1
38,108,72
42,182,41
7,168,13
28,200,77
-2,181,10
5,428,77
33,282,95
-4,293,35
-3,441,79
6,280,74
9,422,38
33,117,66
-1,247,42
-3,29,69
36,397,69
41,29,36
48,410,91
17,340,24
48,485,17
10,139,79
-3,350,81
-9,97,36
41,216,68
3,260,24
43,235,64
8,409,26
1,354,42
12,136,36
19,314,1
18,375,71
23,268,82
50,457,99
41,148,2
5,288,74
27,282,81
12,251,35
10,426,95
42,397,6
3,251,69
23,151,36
29,182,35
38,408,9
4,351,14
18,378,14
12,84,32
7,424,38
42,145,7
8,364,5
31,230,74
48,367,95
15,471,22
32,251,93
45,169,6
-10,436,17
44,163,98
-10,113,39
23,344,82
25,404,76
26,168,47
30,183,76
22,16,19
48,448,37
12,388,94
3,226,98
19,373,91
3,260,32
43,349,75
4,205,20
31,262,21
10,330,71
50,28,72
16,425,9
1,412,59
33,66,71
18,160,82
-10,456,10
40,458,27
13,256,35
9,350,76
35,23,50
5,314,98
-6,101,42
-3,19,46
39,290,79
47,178,16
23,284,2
-7,91,57
49,213,24
46,80,99
30,299,54
45,390,47
-1,236,50
14,389,53
3,430,23
-1,132,83
27,479,48
36,334,71
18,208,3
23,444,94
8,334,55
26,439,41
4,288,78
38,280,96
19,433,19
9,223,28
34,181,88
22,368,82
43,382,23
-8,145,53
9,412,32
0,310,58
33,17,73
14,52,65
0,427,19
8,168,95
18,381,61
44,20,37
24,450,15
24,332,53
5,338,88
18,240,83
-8,150,14
19,44,5
33,293,22
49,280,49
4,242,69
29,361,50
7,154,40
-1,269,41
21,38,32
42,264,26
30,144,92
33,149,73
-7,230,32
20,403,28
10,1,3
0,57,16
-5,77,74
46,225,38
1,61,79
-8,353,66
10,28,84
25,53,67
36,430,38
27,500,74
36,198,3
1,115,49
7,474,83
21,250,59
49,435,34
4,7,31
3,278,52
29,24,70
6,444,48
14,209,92
11,224,3
16,173,55
48,9,85
-5,280,60
16,167,13
26,404,98
42,498,5
30,231,68
33,403,93
14,405,69
-4,301,27
-9,17,60
32,499,31
43,4,21
30,121,56
38,362,87
34,189,15
0,465,77
18,302,67
12,416,98
-6,3,50
9,461,2
-10,372,39
43,343,11
14,321,95
0,58,14
45,237,7
1,353,5
-9,29,99
-4,358,61
34,310,86
41,393,20
33,498,86
44,294,9
24,424,89
12,489,0
-7,356,35
21,2,82
50,129,19
29,45,11
10,495,8
26,403,93
32,16,76
28,368,83
16,394,28
0,25,48
45,446,9
26,243,83
48,142,90
7,463,51
24,229,11
-5,57,59
1,210,3
-5,400,25
14,319,33
12,335,79
48,407,34
36,497,60
39,338,56
-7,176,92
16,283,86
22,43,90
15,125,44
45,437,80
4,267,7
5,377,24
8,93,17
48,478,33
5,232,28
45,20,23
47,262,90
35,177,5
17,180,55
22,0,82
31,74,88
-9,263,43
-8,171,78
24,381,58
12,260,33
50,294,71
22,284,48
13,192,93
9,25,21
34,230,67
-2,261,48
25,420,0
43,267,4
7,96,17
1,297,39
24,19,75
-6,151,7
20,147,83
-1,475,85
18,69,32
16,300,56
18,411,9
29,413,6
8,329,82
46,306,80
28,202,91
33,490,92
46,414,95
1,280,74
7,451,1
44,334,28
45,49,93
48,467,79
37,76,32
0,206,100
-5,3,2
8,314,2
31,449,67
17,266,89
18,264,86
48,220,83
0,167,75
12,136,42
11,58,87
1,381,59
27,323,76
32,198,61
2,495,91
4,308,60
22,234,42
6,464,40
41,14,30
14,383,83
10,239,65
9,181,73
2,21,21
9,66,46
2,119,77
10,212,19
42,27,17
26,144,50
1,84,76
3,424,17
14,50,7
-10,104,71
34,409,38
2,121,80
-5,92,70
-3,67,33
-10,325,29
29,49,88
16,199,7
44,355,67
-3,241,87
12,293,86
45,370,13
44,125,44
33,11,96
-8,278,44
14,1,13
38,61,86
34,285,17
36,395,14
12,0,30
29,336,41
15,419,31
9,440,5
3,292,65
38,141,22
36,73,89
21,212,9
46,399,75
47,481,3
21,154,60
24,158,100
22,457,26
40,269,59
26,3,8
49,146,59
28,379,75
-10,48,62
14,38,100
40,247,86
43,450,1
36,77,19
-2,415,26
49,59,73
40,422,22
49,471,42
39,206,71
0,18,13
47,253,68
3,112,69
20,207,1
-7,437,61
-2,334,54
31,98,63
17,157,4
21,485,80
6,12,17
13,341,100
47,265,6
-8,481,66
4,489,1
13,486,47
39,481,39
10,359,6
31,349,17
3,316,50
30,197,25
-7,460,79
11,211,25
5,92,35
-10,313,71
44,416,17
-10,417,74
7,124,1
3,302,59
-8,43,99
32,116,69
21,380,86
12,453,51
-8,261,57
6,370,66
50,202,21
9,323,40
26,205,91
10,98,19
30,363,4
30,206,67
41,406,44
11,9,34
-4,256,67
38,189,73
36,331,61
18,85,9
43,259,63
7,101,56
-8,223,99
46,231,25
43,300,70
4,161,36
-1,433,100
11,500,71
-4,194,93
28,436,95
42,493,64
38,407,4
1,149,40
1,346,70
-2,439,31
0,209,50
36,464,16
48,31,64
-6,99,25
40,332,56
23,190,21
6,278,100
22,111,2
9,79,100
-4,227,100
12,131,33
14,251,100
0,50,46
-7,267,28
16,90,81
-2,343,50
38,472,68
41,258,63
-3,261,70
3,14,38
9,68,44
22,264,8
10,436,84
49,372,20
26,31,90
44,148,90
16,67,48
35,32,36
20,263,46
30,186,88
19,439,18
42,234,91
22,459,45
19,302,96
41,481,98
44,202,78
30,397,94
34,28,38
39,456,64
49,239,56
50,9,54
28,126,18
17,70,79
32,467,51
17,98,79
8,320,79
19,59,66
7,12,87
21,469,97
30,290,32
2,462,88
40,367,54
-10,462,93
-2,31,38
28,117,88
11,162,21
21,314,92
39,225,84
12,323,61
29,282,13
26,247,68
40,399,2
-6,435,45
11,84,5
35,343,86
41,497,11
0,19,90
14,469,62
38,478,82
21,118,100
26,310,47
46,271,10
2,208,40
42,100,93
21,242,94
18,100,73
-4,317,37
2,16,92
-6,276,28
3,32,99
17,406,97
-7,475,29
12,28,59
2,358,71
16,329,75
37,488,27
5,268,54
12,90,93
2,357,47
42,371,58
49,389,27
17,185,9
6,287,87
13,388,55
16,65,21
-6,47,29
13,229,49
22,423,65
1,41,97
48,209,8
-1,434,70
1,324,5
15,136,28
-8,380,80
23,8,68
1,33,0
42,421,17
21,365,82
7,456,0
18,228,77
-9,457,60
36,415,20
39,265,58
13,340,89
18,200,38
35,223,3
19,60,43
18,164,78
35,154,67
8,337,30
24,478,10
-8,331,45
7,181,4
-9,420,12
17,174,95
4,250,71
10,202,51
10,257,89
21,492,32
33,274,52
-4,476,71
1,68,36
-1,352,38
43,234,73
50,15,13
33,12,25
-4,69,56
-9,377,93
50,189,11
36,490,85
38,405,43
24,219,30
2,227,61
50,420,17
28,326,63
19,13,61
27,58,96
10,287,84
32,192,67
17,478,72
31,147,96
28,277,77
42,312,42
24,93,92
0,498,72
44,34,72
46,229,41
46,407,52
27,252,99
5,302,88
12,330,93
30,50,45
12,370,53
-5,463,64
-8,51,45
35,62,99
18,57,83
38,434,44
34,129,49
19,340,0
27,294,19
20,14,99
21,93,90
-7,54,29
26,493,14
1,79,46
-2,47,35
24,417,72
-6,334,36
9,329,96
23,139,79
31,269,98
35,410,32
29,214,30
36,228,24
-5,37,78
12,471,70
1,65,71
15,246,17
43,345,92
24,391,27
10,396,75
12,4,50
12,385,55
42,223,54
5,97,56
-1,217,0
42,395,86
45,8,7
19,417,67
49,69,25
17,61,64
4,114,39
49,197,92
27,230,56
-8,388,56
20,120,82
36,475,21
-6,103,98
13,80,25
27,36,36
18,381,93
28,439,46
-8,447,85
6,290,34
-4,480,6
12,41,30
-10,125,31
45,269,17
-4,397,8
37,18,66
23,177,92
-9,112,33
24,387,43
37,333,15
-2,365,50
39,23,13
1,197,86
26,13,3
9,197,99
-2,224,14
6,184,32
-10,469,73
38,386,6
18,140,86
1,413,59
-9,381,74
44,49,100
6,84,78
-1,2,96
21,130,77
47,58,54
37,381,12
26,80,62
28,225,76
46,146,49
33,336,28
38,146,63
37,263,36
-4,316,25
40,441,54
-10,372,25
0,477,12
18,377,78
43,44,30
18,66,67
33,262,26
-7,278,72
-6,454,70
30,82,15
18,161,32
5,253,14
3,5,47
30,288,88
21,203,59
21,271,27
-10,99,82
-4,147,48
33,63,96
15,442,36
13,219,84
-1,26,28
4,327,24
50,179,43
49,10,97
49,80,7
19,452,3
1,175,60
10,267,70
16,258,48
23,444,0
33,466,9
-7,127,74
39,156,66
41,373,78
11,148,92
-7,182,31
32,473,18
13,452,43
4,134,44
30,418,71
-2,326,88
12,214,22
-3,489,19
3,471,35
48,77,76
37,281,54
-9,499,28
37,112,80
18,147,34
20,31,69
-8,148,98
10,353,64
11,319,48
-1,317,97
-7,282,74
50,71,16
21,485,7
2,332,73
42,253,34
47,269,20
42,444,25
38,74,87
16,43,55
4,67,53
44,252,64
48,121,17
9,326,30
7,418,37
20,19,3
27,380,80
-9,77,52
30,344,22
-10,496,65
-1,22,71
20,34,96
50,356,83
44,476,26
37,463,43
10,116,28
29,306,14
35,277,53
-2,443,27
9,350,24
27,379,71
6,134,0
7,278,11
17,437,61
-5,181,90
13,114,13
31,178,7
38,16,27
-6,375,79
32,442,97
4,129,70
41,89,32
1,82,38
2,245,46
35,21,67
47,174,27
28,406,38
-2,148,8
3,216,62
20,494,57
11,70,17
50,253,64
23,431,6
5,30,37
-9,282,82
26,248,9
3,76,23
10,246,68
-6,202,48
11,448,81
25,157,74
38,276,27
26,165,24
6,321,94
-10,210,48
28,499,65
-6,412,19
28,305,50
23,43,7
19,119,6
42,97,90
-5,469,88
-5,228,91
3,444,89
29,257,36
24,316,65
26,457,88
13,29,72
35,31,25
23,467,89
-3,83,18
40,358,41
9,246,55
23,250,53
11,403,59
33,357,48
5,474,21
10,20,94
25,52,16
39,51,95
44,167,99
-6,306,87
24,293,97
-3,464,5
16,498,79
24,166,36
42,371,74
37,443,1
-5,156,6
31,105,26
42,369,92
21,33,86
-9,110,31
35,96,90
23,195,4
36,268,17
46,414,81
13,474,15
-7,186,24
21,16,100
0,76,13
38,476,85
31,414,19
1,266,25
34,300,77
13,187,66
38,432,85
-8,56,1
15,344,13
-2,315,29
5,54,27
43,285,16
18,299,45
-5,472,12
34,330,22
25,240,52
22,97,99
42,235,30
6,233,7
22,23,78
9,237,66
4,26,70
18,476,26
20,28,88
16,55,67
-5,165,33
49,36,80
40,150,11
39,367,80
33,288,82
43,264,78
27,411,7
35,92,49
22,233,47
3,26,20
41,128,75
-1,249,98
5,142,68
6,440,8
5,351,13
19,179,66
10,237,28
26,172,70
39,366,94
-3,156,31
32,274,4
49,414,57
39,196,86
26,223,47
10,177,29
0,221,50
33,299,14
5,84,81
31,171,45
-1,234,23
30,213,46
-9,280,4
14,434,99
25,236,66
45,314,58
28,327,100
8,419,32
33,468,0
25,383,96
5,125,70
9,360,65
-1,47,75
9,328,1
10,65,76
38,199,79
23,455,46
-2,34,38
21,117,87
44,446,66
46,263,25
34,311,50
48,75,92
-2,165,17
19,376,41
-7,169,87
24,110,55
-1,281,42
16,142,60
44,19,93
19,380,61
7,258,3
35,405,21
24,81,8
50,490,38
28,488,29
29,235,36
17,391,52
48,496,1
6,421,71
0,339,19
13,426,97
28,250,42
9,283,85
33,250,26
38,10,64
0,422,47
-1,431,50
25,286,55
19,375,59
-10,397,21
44,203,55
-10,270,56
-6,94,94
1,180,44
-4,316,28
34,114,53
49,428,64
33,122,8
16,368,1
29,303,32
30,239,11
30,118,19
5,10,79
-1,228,9
-8,347,81
33,215,53
39,172,36
25,22,5
43,153,81
-7,234,79
-9,4,1
38,493,73
21,419,88
-3,403,83
-3,238,48
6,53,81
4,329,81
29,116,90
31,20,45
2,339,21
24,259,29
9,142,70
10,345,72
39,221,82
8,413,49
30,458,18
40,486,13
24,261,84
-8,126,22
35,243,23
-10,353,51
44,445,72
39,351,11
-4,311,30
12,177,44
30,332,57
28,454,4
27,149,92
26,129,92
21,429,68
-9,418,5
1,238,48
40,317,55
-1,306,98
40,347,32
36,449,72
27,139,54
-10,201,1
7,100,94
-10,371,57
9,16,64
3,391,56
50,324,68
16,298,47
43,113,52
48,327,28
25,382,65
48,287,98
40,215,58
49,142,16
-5,103,43
36,339,87
48,4,30
2,72,68
22,93,24
8,251,79
22,429,20
-7,34,81
-3,53,22
32,497,83
50,290,100
-9,391,31
45,320,84
36,374,49
47,308,54
49,233,32
34,222,51
26,204,19
33,251,87
9,126,18
-3,131,90
-2,313,49
38,438,99
-3,161,89
24,54,33
6,499,43
4,362,18
-6,149,37
0,478,47
41,6,38
32,381,60
-8,54,52
3,55,14
9,374,10
-2,123,71
9,82,34
44,433,95
-2,30,12
43,69,50
1,360,98
5,443,9
47,265,53
44,158,99
46,82,53
31,453,74
39,283,11
43,1,80
26,33,72
9,390,90
37,140,40
29,109,32
7,493,100
-7,387,54
13,332,76
24,341,66
0,432,40
10,194,14
33,369,38
38,216,65
-8,314,16
10,94,32
44,387,70
-8,433,93
30,495,88
50,440,92
6,438,50
11,42,87
36,209,79
-9,331,83
9,399,85
46,152,98
10,433,61
49,286,0
26,208,98
5,185,6
28,448,38
16,297,0
44,313,28
21,429,11
3,39,25
24,188,25
43,243,6
31,416,9
48,377,16
-3,40,86
12,476,4
0,381,38
-6,373,9
8,16,53
-5,171,7
50,181,5
-2,67,65
-1,73,41
7,347,87
48,420,82
15,282,25
7,354,53
-5,343,51
6,498,88
6,316,71
-4,98,89
-7,474,28
4,315,46
27,157,49
4,434,44
3,252,71
30,498,26
39,452,37
42,36,84
-1,364,53
24,306,27
15,443,76
1,340,84
15,280,52
1,325,31
47,381,51
44,418,77
49,447,75
1,262,6
39,284,64
10,272,4
1,304,18
30,301,14
-1,283,65
28,333,20
-10,19,13
7,101,76
-4,111,12
11,432,31
44,197,24
37,18,3
6,191,12
19,34,64
36,13,0
43,324,0
24,174,75
38,85,39
-2,192,23
50,160,74
-1,65,95
38,333,72
-3,419,78
-4,360,28
39,436,93
17,205,88
36,271,14
38,494,22
37,326,6
-9,462,54
40,379,39
20,97,74
35,20,82
24,242,27
-2,94,95
-8,457,82
36,432,95
29,84,19
-8,13,41
31,312,87
27,164,68
-8,438,45
9,168,81
46,172,38
-10,244,80
13,430,68
29,77,27
-8,226,39
13,223,93
8,182,71
17,215,12
-8,37,68
20,363,1
45,331,73
16,358,67
34,74,97
16,125,79
44,193,46
25,156,53
36,149,80
26,287,4
46,361,78
13,255,21
0,413,84
49,135,45
35,174,61
15,453,52
31,12,71
18,178,8
19,138,95
26,104,38
0,89,22
37,112,21
13,57,41
17,133,17
21,58,50
39,442,70
9,167,82
-8,117,90
14,142,78
11,290,61
33,142,23
20,176,49
-9,348,17
5,18,100
49,346,40
28,52,27
32,15,42
7,319,58
43,194,57
42,184,76
38,181,22
24,90,97
12,109,4
41,334,63
44,218,37
33,165,76
33,46,55
48,491,90
5,483,85
42,413,6
2,193,70
2,121,35
-3,30,46
-8,189,65
31,4,12
26,189,68
27,412,57
12,359,37
-1,133,6
3,204,57
7,241,44
11,64,10
0,414,50
18,70,55
46,77,2
32,193,94
3,376,42
-6,201,99
24,300,43
-9,244,58
1,231,81
47,80,40
37,470,18
40,81,43
8,437,39
17,380,2
23,257,68
29,432,7
46,374,24
26,198,0
-5,54,91
18,334,9
26,1,74
24,296,74
-10,80,100
24,490,97
-3,325,55
6,467,30
-8,306,17
46,147,86
-1,182,61
25,462,83
6,495,44
14,121,45
7,328,86
9,109,90
12,78,50
20,296,56
42,278,15
28,287,71
45,482,93
1,461,36
38,467,79
26,81,20
20,464,35
49,324,91
-9,74,51
5,415,97
33,105,83
3,250,70
-6,349,44
-7,363,100
2,198,24
30,355,77
27,52,33
36,408,41
30,73,56
46,276,52
12,348,45
48,326,17
13,355,33
1,318,50
18,240,0
5,197,85
12,121,90
-10,409,46
35,76,29
41,368,94
-5,10,14
6,259,47
24,179,19
-1,386,36
0,7,42
0,365,18
1,276,89
7,357,54
34,293,32
-8,206,31
12,484,54
15,356,81
21,338,81
48,181,98
33,392,63
15,247,96
48,375,15
7,158,0
30,322,15
2,219,47
33,160,89
21,376,87
14,79,95
-1,286,72
20,383,55
25,126,86
44,289,8
-10,354,52
-9,251,12
50,75,49
35,285,13
17,13,71
3,317,37
-3,125,48
11,1,42
5,75,100
3,270,71
29,278,89
14,74,76
21,315,78
43,141,30
20,240,72
23,242,68
13,216,54
10,410,40
43,83,28
37,352,99
37,199,67
46,488,50
27,423,86
44,283,56
-6,396,69
14,115,67
15,415,80
22,273,32
-10,492,93
22,97,65
2,146,39
50,89,34
44,62,94
24,333,0
44,460,20
-3,90,34
27,428,35
24,436,0
41,191,92
19,300,47
26,88,82
41,266,22
15,94,46
-6,81,81
1,430,29
14,70,94
31,368,26
43,132,30
32,169,70
14,190,49
1,52,82
23,271,95
21,47,5
29,385,53
12,443,77
-8,210,29
2,56,82
7,145,7
19,111,86
35,76,65
5,86,58
36,379,30
21,271,26
33,270,65
-6,7,70
46,213,89
50,362,86
13,140,6
27,189,88
20,335,99
33,321,32
1,124,70
3,21,18
15,249,4
13,4,0
44,189,95
15,473,49
-5,302,45
39,310,80
-2,264,78
-2,390,33
1,188,35
38,228,75
36,443,55
1,93,89
35,444,13
46,49,16
21,156,56
16,39,38
43,403,79
-2,146,93
47,253,99
31,319,15
1,119,46
48,234,89
36,205,38
34,444,30
-2,119,67
34,189,28
14,225,20
38,276,67
18,444,29
39,426,10
8,196,51
47,449,19
32,201,59
29,314,93
31,285,83
30,160,23
4,48,18
39,285,9
42,470,78
35,219,64
28,465,51
27,122,7
42,436,96
9,45,25
-10,72,92
37,289,33
9,425,34
-7,437,38
42,43,59
32,233,10
12,284,35
5,69,20
5,290,18
49,78,27
22,276,53
1,66,7
23,260,35
37,51,94
30,114,75
27,31,12
27,313,52
15,182,74
-9,325,33
11,426,84
1,108,54
46,461,19
-1,360,97
-3,42,39
3,399,31
24,276,88
-2,356,92
13,253,87
34,139,84
0,193,100
10,146,31
-7,248,84
6,128,89
40,83,46
48,144,15
25,251,88
30,36,0
2,54,27
7,78,79
13,318,10
14,384,34
9,277,76
2,438,87
46,144,18
43,228,26
13,38,81
-7,390,38
9,0,86
18,248,78
9,69,37
13,419,5
17,88,33
21,186,28
34,75,84
20,179,82
25,119,69
38,215,95
27,57,57
26,248,1
2,231,97
-5,126,76
50,141,73
26,256,95
2,285,6
35,0,79
27,403,84
3,42,54
33,48,9
15,276,38
44,97,60
13,84,28
41,292,51
45,472,64
40,238,65
47,63,6
-2,171,75
-3,330,33
0,105,66
-3,452,19
6,179,19
38,40,13
43,125,75
20,133,34
15,449,85
12,251,3
43,115,62
4,358,43
34,297,90
37,391,10
47,136,13
35,204,39
47,424,57
23,120,10
12,431,2
32,151,21
28,249,2
0,189,78
43,37,98
42,386,19
-3,79,43
23,270,86
42,425,78
3,5,30
36,432,44
23,51,55
42,487,21
10,255,36
15,41,75
5,412,11
-4,370,40
18,168,64
33,416,27
3,344,18
36,462,83
18,282,10
2,221,46
17,337,20
12,405,0
40,357,19
12,152,61
7,99,78
-8,493,43
9,361,65
41,445,42
49,278,97
39,390,68
17,167,44
10,351,63
-9,359,41
22,72,52
-3,270,90
4,82,52
19,57,23
5,357,50
29,151,50
-4,142,94
30,468,54
49,181,13
14,267,44
23,48,30
24,450,51
39,278,78
4,199,52
31,218,95
31,72,83
39,86,44
20,260,2
30,296,20
16,37,57
-4,446,14
17,77,81
34,448,16
-4,44,17
-5,145,100
38,33,80
38,380,45
29,109,55
45,339,11
31,441,95
14,216,32
35,253,64
40,24,19
45,179,20
5,252,92
49,63,84
41,161,6
45,459,16
23,84,78
2,197,71
-3,235,41
28,10,96
46,2,79
18,285,80
7,407,31
29,158,7
-2,335,61
-5,141,54
33,466,89
-7,165,64
33,204,36
21,184,28
11,82,43
23,354,75
24,168,97
8,258,50
22,491,30
19,223,12
6,372,24
3,130,6
27,388,6
36,254,17
39,455,50
9,159,61
38,135,83
35,391,22
10,341,78
12,495,37
19,494,41
6,377,67
47,431,53
47,288,48
41,369,81
39,61,59
3,49,68
13,416,66
31,57,30
-2,94,36
25,376,44
-2,225,99
2,117,68
7,118,90
26,96,18
30,427,59
20,219,62
7,2,65
43,62,97
26,31,27
-9,230,81
48,177,41
8,6,61
14,310,79
28,241,25
39,260,64
15,379,62
-4,487,76
-3,51,78
15,178,63
41,151,52
48,226,56
7,206,74
15,474,45
18,158,18
49,452,66
12,339,6
0,353,5
-6,306,95
45,199,86
4,189,20
-2,440,37
11,163,2
35,24,79
33,144,61
49,284,60
39,183,93
8,485,77
-10,338,46
15,116,79
2,197,86
42,241,89
33,328,29
8,326,43
6,367,66
39,239,32
41,212,55
22,4,24
19,446,22
7,436,42
35,420,90
7,17,41
0,299,43
29,470,84
49,43,54
21,139,3
10,449,89
22,177,23
-7,439,84
27,252,93
47,383,32
20,314,16
24,415,88
7,171,69
13,379,89
9,326,13
-6,226,14
16,19,74
-5,434,51
-10,187,21
29,186,16
42,23,18
20,364,32
13,119,26
9,307,76
21,448,98
9,232,75
5,85,65
5,102,2
46,71,26
31,369,17
28,261,25
7,445,86
5,252,84
-2,385,25
34,179,24
17,49,36
28,481,65
36,72,93
38,63,90
-2,117,54
46,231,1
4,376,80
28,482,86
-5,257,39
2,33,97
2,322,85
-3,449,76
42,346,7
34,124,93
9,104,66
36,463,45
32,165,24
26,24,35
9,447,36
42,438,50
35,282,65
3,244,73
39,92,15
20,481,61
22,2,31
28,209,66
27,142,99
4,329,62
9,408,51
36,220,77
3,277,36
8,196,61
11,499,36
16,230,76
37,466,97
2,454,72
-10,207,50
22,481,42
14,260,2
27,115,61
44,121,94
-4,360,65
-3,251,19
10,278,52
29,391,71
9,145,95
-10,431,92
33,286,12
22,338,79
-5,46,34
40,425,70
18,375,74
44,355,75
19,195,66
6,119,21
4,339,82
37,375,98
39,76,35
26,160,26
42,90,58
8,435,52
-8,115,62
2,280,23
7,318,89
39,430,70
7,402,73
24,81,76
6,463,13
16,439,99
39,102,88
17,394,53
17,378,55
26,146,31
1,272,2
36,331,97
0,326,7
11,240,26
27,304,6
25,95,40
40,247,0
-9,73,91
-8,204,51
-4,383,58
5,257,19
13,472,41
33,482,80
-2,226,40
48,223,56
31,253,39
6,463,46
14,162,70
11,388,53
-7,164,74
43,119,88
21,105,21
14,181,33
10,265,19
41,353,72
29,29,9
11,394,50
43,475,47
42,261,80
46,406,3
26,153,62
-4,99,14
39,369,86
22,300,96
8,471,67
9,371,27
47,325,88
41,111,40
33,78,63
2,106,59
8,147,54
9,97,30
41,487,68
-8,327,37
23,121,39
10,124,91
6,223,95
0,180,15
26,156,23
35,184,68
27,194,78
5,258,11
0,251,13
21,265,62
-9,416,85
26,365,92
30,430,44
36,161,56
44,45,65
-10,93,29
29,350,64
26,177,54
27,395,27
17,487,66
-5,367,71
35,131,38
-3,399,9
26,274,60
44,476,35
-6,424,22
-3,246,3
-8,71,93
48,364,23
29,499,38
29,445,6
9,474,40
0,453,54
6,99,95
9,282,72
5,83,63
2,380,47
23,0,73
25,312,81
-2,235,17
10,240,5
48,463,8
1,164,80
44,493,68
30,412,87
23,419,54
32,208,28
6,493,93
-4,142,18
17,13,49
-6,322,13
41,414,86
37,69,4
9,142,25
29,102,59
41,117,91
-6,326,72
5,97,56
10,389,77
32,283,82
13,445,17
39,276,93
44,93,36
-8,136,69
22,87,96
37,196,89
50,334,27
41,158,66
27,100,91
49,352,77
38,147,4
12,300,44
33,173,70
43,345,57
0,119,16
35,434,61
-10,485,7
1,301,92
17,20,4
44,51,89
3,323,28
-8,102,91
25,90,56
1,370,47
19,83,81
36,94,38
8,163,69
-1,468,75
8,111,68
49,239,84
15,431,52
3,224,37
39,277,6
1,162,64
3,465,43
37,444,51
8,133,67
-8,217,93
31,354,47
44,317,10
31,388,73
25,367,58
29,335,64
-2,288,0
33,289,6
43,26,87
49,419,100
23,249,51
18,390,97
24,217,51
36,286,58
38,264,25
-7,47,99
22,16,30
24,324,41
9,482,7
-2,156,2
30,221,2
44,500,22
19,32,84
48,495,0
-8,355,45
30,350,94
15,380,47
-10,275,72
19,201,28
-5,198,51
38,363,22
12,464,47
1,181,9
27,214,94
13,176,9
19,64,61
22,453,99
28,298,95
39,128,45
22,46,100
15,156,79
1,395,76
36,397,15
45,184,74
32,127,71
43,92,35
35,295,95
44,13,82
-2,31,4
31,239,28
-1,387,42
8,256,99
4,282,90
23,396,98
16,316,30
5,175,3
26,207,32
5,484,99
5,467,12
25,250,1
5,161,61
49,393,62
25,25,49
16,394,71
33,263,69
31,289,100
45,353,97
8,185,43
40,250,50
8,483,36
17,256,59
7,58,93
7,278,94
42,456,9
23,84,85
44,161,7
16,234,20
-8,295,69
35,369,72
-7,387,12
-7,60,97
0,183,79
31,190,68
1,50,29
30,373,81
37,175,11
14,463,47
31,342,30
25,269,37
49,483,86
46,426,42
-9,265,26
12,222,94
32,63,57
23,409,13
6,493,43
23,148,86
31,161,85
23,253,79
29,157,29
47,65,70
33,402,22
28,165,65
4,79,83
10,355,86
8,181,40
3,151,93
39,54,35
5,90,21
34,495,16
13,1,62
50,51,61
1,56,40
19,399,51
36,62,74
37,293,48
27,378,86
27,226,58
42,425,25
-1,159,2
12,20,63
14,457,57
0,463,96
-7,84,36
41,361,10
34,438,54
49,328,38
1,179,29
5,65,40
40,204,65
50,76,90
3,418,82
43,183,91
40,74,23
-10,137,97
23,476,27
46,479,43
23,423,77
5,90,89
32,171,33
30,170,16
-8,176,71
5,268,2
46,118,5
-9,469,50
45,416,83
-7,346,26
-9,121,16
8,250,100
40,397,100
26,455,20
0,18,6
30,161,74
25,399,42
48,288,16
11,28,12
5,109,7
-6,234,71
8,43,15
31,260,19
11,183,53
15,172,18
44,134,89
-9,436,96
11,216,20
-5,29,51
-4,155,17
0,297,19
50,154,50
24,110,64
2,494,22
48,219,60
38,222,64
7,430,61
-10,338,19
42,302,66
15,183,22
22,21,28
40,350,74
9,466,34
8,374,50
-4,119,21
11,452,65
30,434,32
19,217,6
39,432,52
47,413,59
43,372,11
9,382,68
31,40,0
17,387,56
12,272,70
22,61,81
45,89,16
42,9,19
26,248,33
42,489,9
17,199,76
-7,470,97
28,31,68
38,81,50
-4,393,21
22,295,76
29,463,57
44,336,63
11,450,18
48,187,63
47,371,12
15,199,2
21,214,37
35,246,57
46,340,32
2,104,19
0,18,65
42,372,78
0,384,92
35,302,55
29,173,97
29,335,73
25,151,70
44,308,75
23,215,35
33,359,89
8,126,8
1,459,60
20,279,55
9,195,49
-7,266,49
16,220,83
-5,170,59
50,85,11
-3,408,94
-5,407,8
19,264,53
9,434,25
2,304,91
31,236,63
43,125,57
-2,59,33
20,218,30
2,297,6
48,257,53
3,415,58
2,418,0
12,248,6
48,359,90
16,369,24
45,437,66
19,49,66
37,473,19
-8,355,0
13,105,46
-2,487,70
19,23,46
28,54,32
-6,489,56
32,370,51
39,364,43
-4,29,56
10,382,65
50,168,73
-3,9,84
5,303,64
40,473,94
43,308,87
-5,431,77
25,352,97
26,77,28
29,63,99
20,345,53
-8,401,35
25,434,28
33,437,46
9,162,30
-10,151,92
0,462,71
44,67,18
-7,42,67
6,451,53
11,176,3
13,476,76
47,7,63
4,210,45
-4,241,13
44,6,58
40,128,8
1,335,1
48,53,94
46,135,74
-7,22,61
22,498,22
5,167,91
9,474,2
-3,359,2
-8,276,77
17,356,71
-9,271,55
-8,2,79
44,486,67
14,120,21
3,278,93
48,184,5
8,386,51
10,462,68
32,430,58
44,60,27
34,200,68
22,281,66
45,378,80
45,386,19
-10,492,39
32,364,59
7,441,24
28,418,66
3,463,73
39,32,11
28,114,63
25,115,14
-1,296,3
47,137,73
2,235,95
48,178,89
49,366,32
26,396,65
12,69,35
1,58,56
21,498,47
50,428,67
-2,435,5
31,428,9
-1,359,23
31,197,94
0,349,42
4,297,79
41,131,99
3,471,95
23,448,3
0,490,60
17,7,23
12,286,74
50,446,87
27,297,43
14,323,69
-9,30,74
18,472,41
34,349,45
22,431,61
-4,384,19
40,34,53
-6,149,30
-6,138,78
-4,27,92
19,112,69
32,488,53
7,245,13
16,257,28
34,106,90
4,192,46
11,458,78
35,57,84
43,16,93
-8,386,88
47,244,28
6,479,30
3,401,80
24,148,12
-4,380,24
2,34,41
7,410,90
9,419,62
-9,247,55
21,149,1
11,286,27
-5,331,46
36,139,78
40,149,22
22,281,55
25,13,20
-6,95,17
4,305,90
43,377,86
35,185,52
6,460,70
1,324,1
34,284,91
-8,124,59
-3,486,0
4,285,40
6,133,57
27,295,71
24,488,86
21,372,18
6,235,35
9,190,78
4,209,52
17,23,59
42,283,17
47,329,89
17,408,84
18,205,31
21,6,40
1,458,76
44,461,7
-4,53,73
22,176,36
7,388,11
-10,55,2
33,224,17
-9,435,9
20,382,96
42,445,35
31,493,32
31,44,87
6,244,14
50,280,10
42,373,99
29,408,10
5,25,91
10,274,54
22,381,35
36,434,57
16,440,18
48,93,1
30,215,3
19,197,76
8,478,69
31,191,59
36,345,53
10,266,8
-3,227,25
-8,201,81
25,489,16
1,384,2
28,431,65
19,388,44
20,460,43
-4,481,61
19,5,62
27,420,86
48,241,49
28,325,17
38,217,80
39,349,50
11,253,17
25,331,91
9,403,71
-9,308,88
25,154,16
33,179,88
33,301,38
29,15,98
12,30,61
41,455,48
-10,259,55
8,50,9
30,390,29
29,436,55
19,361,68
45,424,52
22,327,33
28,495,40
13,72,37
10,351,74
20,316,93
21,259,23
33,129,71
-8,112,44
35,339,71
5,494,82
36,67,26
19,338,64
44,456,36
49,114,13
8,324,52
19,235,96
20,85,6
16,15,78
48,270,74
28,225,73
39,472,63
30,232,99
-6,189,94
-1,26,37
4,173,94
0,494,45
27,491,94
35,405,46
1,218,92
47,343,42
1,105,43
31,261,54
-6,132,66
-1,97,42
-3,304,12
16,475,80
-4,453,27
19,231,84
13,190,72
38,221,93
41,173,4
20,477,34
20,144,16
34,419,83
7,43,27
42,29,7
12,434,43
24,293,4
17,263,2
49,116,57
-6,143,78
34,181,99
19,343,12
41,384,58
16,358,1
8,46,83
35,186,44
-4,365,9
10,380,81
34,5,79
3,280,34
-10,10,89
26,127,22
-10,52,20
42,176,67
40,3,79
21,127,29
29,191,12
33,339,56
-5,242,57
26,369,85
17,496,80
34,226,33
-5,62,95
11,41,60
47,106,36
21,154,54
44,242,77
41,273,55
30,201,27
15,362,86
32,132,36
26,380,38
45,370,43
-8,264,63
22,499,100
41,343,32
-4,282,57
22,268,4
36,116,71
-10,87,22
45,349,69
42,486,95
18,91,64
42,335,95
42,410,79
36,111,10
-1,315,80
21,123,75
3,108,50
-2,300,34
37,171,82
50,41,87
45,234,49
2,406,12
43,455,16
47,78,97
28,60,47
1,274,80
13,170,56
22,33,90
-3,290,29
6,382,43
-1,101,5
-1,288,23
-4,85,51
35,373,58
15,207,49
27,200,75
49,309,88
27,49,2
0,234,7
37,2,97
-8,180,62
11,15,40
32,168,79
34,27,81
25,432,99
46,234,84
14,248,4
49,155,6
33,168,15
35,90,18
24,404,33
23,405,86
17,10,57
48,444,7
34,430,15
13,115,59
-9,322,22
39,245,66
21,56,97
9,103,14
-3,14,1
29,474,66
16,15,39
6,111,27
16,0,35
6,18,28
12,187,87
50,329,7
39,307,54
20,424,28
8,114,69
-9,69,96
-8,187,28
29,29,37
0,366,9
8,255,42
49,149,94
-8,257,89
39,140,0
-10,232,42
-9,231,11
26,43,71
17,342,3
24,97,51
-3,372,16
-8,201,58
2,343,25
-6,179,49
44,423,40
-7,436,94
10,52,84
-10,303,98
38,151,85
41,47,41
42,336,46
-9,482,95
5,72,84
29,363,19
19,249,15
14,467,78
20,400,67
50,394,21
38,79,50
30,469,86
31,82,10
49,246,79
-8,263,94
2,146,49
4,76,86
32,66,28
3,94,58
35,259,69
25,152,68
23,248,56
37,213,69
35,441,99
-1,256,10
4,240,61
-6,126,24
-7,147,57
48,350,100
6,393,68
-1,107,44
19,129,0
24,222,67
24,500,25
9,324,16
3,126,68
45,256,50
18,320,48
6,59,86
20,188,61
6,128,21
27,151,89
19,485,13
-4,255,62
19,368,30
-6,107,19
-9,267,39
-10,17,36
39,255,60
-2,49,14
44,141,93
17,424,40
49,255,58
44,312,33
12,169,72
-1,173,17
-2,131,52
20,100,75
46,421,3
41,463,78
5,298,57
39,39,53
34,270,23
42,235,9
28,50,99
13,401,0
42,23,96
34,426,3
34,258,93
32,457,87
20,106,17
34,492,0
49,268,98
14,250,33
41,245,92
19,185,15
2,327,43
-4,45,47
46,75,9
36,66,8
40,219,93
-3,350,22
20,212,37
23,372,11
-3,198,24
11,110,63
6,148,53
-5,37,25
19,499,54
-7,492,82
40,325,25
10,227,46
2,101,19
25,137,80
-2,258,85
25,491,92
2,382,84
1,416,45
26,41,84
33,236,61
-8,142,64
4,313,56
14,448,80
39,242,13
38,63,69
48,69,81
48,433,91
-3,108,49
13,28,15
41,415,82
50,393,77
10,30,28
22,130,67
-3,268,96
27,366,75
2,304,78
10,244,57
46,105,97
47,133,6
38,231,57
-9,235,33
-7,161,74
34,353,91
4,409,42
-7,335,35
50,371,64
24,170,73
3,353,43
8,459,99
-8,104,38
47,14,5
38,442,26
-10,337,14
-9,355,45
38,442,12
17,442,7
5,86,19
-4,340,33
47,319,55
-4,387,35
-3,497,16
25,55,75
49,444,72
-9,442,51
4,473,49
16,136,80
19,384,89
45,437,78
49,378,44
0,331,1
-9,320,42
-9,165,3
43,375,60
23,265,3
33,463,60
6,264,29
3,46,100
3,367,89
48,476,88
10,403,87
-4,218,43
4,5,62
47,248,51
24,193,51
43,316,72
27,107,82
44,424,13
42,422,90
2,139,42
24,377,34
20,67,76
29,44,99
9,243,55
40,491,55
22,336,21
48,304,62
14,221,5
3,274,80
-3,279,36
11,462,8
-6,481,28
26,441,77
4,322,50
3,361,82
33,302,59
45,7,19
25,443,81
32,138,88
5,465,98
9,186,30
16,51,95
6,251,12
33,138,43
39,85,20
19,482,62
25,235,46
28,1,47
15,147,54
-4,443,60
37,175,0
14,441,80
9,125,79
28,386,76
0,353,13
50,19,87
40,485,85
8,380,21
31,217,30
-6,281,100
24,148,54
33,234,56
17,103,31
49,171,100
17,37,21
30,492,64
28,207,3
32,145,70
45,333,2
-9,68,0
22,55,78
12,15,53
23,314,95
30,262,62
-9,448,20
13,194,50
50,326,33
6,145,37
38,256,61
27,71,72
45,226,69
10,487,25
26,460,41
41,333,54
22,293,30
38,413,26
28,338,14
11,106,83
0,180,44
38,8,86
13,85,1
-6,205,38
6,325,92
7,372,59
9,84,54
2,111,50
-6,41,100
30,317,10
-6,482,65
37,355,88
-5,160,27
2,445,50
11,157,66
29,239,17
24,396,45
50,69,32
13,277,52
40,310,14
21,257,74
26,358,78
-4,87,44
29,207,91
0,38,64
3,422,70
7,412,83
20,93,72
-7,166,56
18,231,62
24,109,45
3,236,87
29,406,79
19,391,37
9,258,65
2,427,71
4,357,72
4,208,19
0,248,8
25,496,56
25,181,22
29,195,45
1,451,98
10,305,14
4,205,45
42,379,40
-5,81,1
24,137,1
-9,280,98
40,287,50
-4,158,82
46,149,18
-7,476,89
17,154,97
6,109,51
-8,360,39
-6,368,48
40,285,20
42,314,51
-1,180,0
26,4,98
29,25,57
33,197,33
-4,43,55
9,111,90
46,199,67
-7,147,37
5,196,8
37,437,46
18,221,14
15,276,96
25,118,41
31,392,87
46,436,66
-9,101,33
33,205,96
10,6,63
4,376,77
33,135,60
17,240,24
19,29,77
30,425,72
41,301,55
14,136,48
8,354,75
32,480,14
48,285,48
37,141,80
-5,164,80
-10,339,94
47,207,89
-8,268,8
11,396,53
49,299,61
3,381,67
23,337,35
40,498,22
7,290,31
-1,380,36
29,188,79
43,116,68
-5,420,89
36,327,83
46,132,24
3,108,70
-3,116,29
38,58,36
10,139,94
38,388,7
0,171,90
39,335,73
48,234,33
27,240,64
-6,451,63
27,6,93
36,372,37
41,17,3
8,267,9
-5,75,26
38,401,65
34,134,12
30,200,66
12,317,76
7,236,36
7,278,66
-1,228,50
14,77,29
45,351,2
34,10,37
24,82,62
3,343,71
12,488,100
-2,25,63
42,56,41
47,354,40
14,97,94
20,55,71
16,162,9
11,199,89
20,382,43
44,89,5
20,365,91
48,64,38
7,120,50
6,369,30
49,254,16
-5,192,62
19,23,61
22,20,77
25,133,6
37,425,35
4,266,39
13,476,76
26,123,0
-4,271,17
11,395,55
23,220,18
-4,367,28
26,347,27
25,54,70
-8,254,5
20,413,26
17,172,82
29,287,25
15,495,97
35,162,4
-1,256,7
21,79,66
28,260,57
30,121,4
12,187,86
47,225,89
11,63,42
14,260,81
46,317,92
-2,427,82
11,323,9
47,461,71
29,150,8
27,109,98
12,489,28
35,38,6
42,248,21
15,226,55
22,40,81
30,162,59
35,326,78
3,314,94
41,175,41
33,79,31
36,341,7
32,214,76
0,232,40
44,356,44
-7,240,98
36,42,85
-2,229,9
25,209,54
0,256,39
16,324,23
18,34,16
20,374,28
46,438,92
2,453,89
30,13,97
-3,89,79
40,445,28
-7,37,34
46,184,92
12,406,0
-1,384,30
11,190,38
12,274,23
9,220,25
33,80,74
28,432,48
34,178,36
50,414,1
23,371,18
2,445,50
1,478,65
7,114,70
-8,195,10
18,266,81
15,65,4
49,351,66
4,411,61
-8,13,4
10,38,19
17,121,55
32,176,84
25,126,55
49,172,21
-3,270,73
32,489,71
16,354,91
42,71,1
36,187,51
-2,168,0
31,248,64
45,427,39
-8,280,96
19,272,84
25,16,18
13,113,28
-3,379,45
14,343,85
40,390,87
48,465,99
24,379,61
24,385,32
35,295,48
1,257,16
38,354,6
39,87,75
20,251,64
45,385,49
45,82,74
4,175,44
25,273,85
-9,390,33
36,354,78
25,244,64
7,223,61
41,477,74
10,45,46
2,455,62
38,131,7
50,156,48
8,283,83
5,232,38
45,415,74
-4,343,49
25,298,45
25,5,23
47,264,97
15,331,10
45,329,76
46,286,98
38,370,4
38,247,48
34,38,43
31,466,92
22,19,70
3,282,76
8,378,87
25,101,14
18,156,65
26,237,67
27,341,94
37,105,35
-10,278,55
46,142,49
46,419,61
0,82,47
-7,387,62
22,341,53
-10,143,59
49,241,20
-2,252,80
40,261,14
34,377,18
31,369,55
11,416,52
38,103,79
33,223,86
45,353,81
18,35,25
38,142,71
-6,289,32
22,368,29
-2,290,12
7,109,79
-2,445,71
30,89,86
25,496,92
49,146,14
18,326,44
36,323,64
-6,455,57
-9,81,76
14,36,2
28,455,2
38,364,96
28,33,36
12,372,81
5,413,44
35,130,25
2,172,45
-9,325,36
-5,24,72
-5,29,78
-10,157,51
40,158,16
39,361,46
-4,292,54
13,484,1
36,313,99
-1,84,94
49,291,46
33,454,65
29,6,60
0,217,66
3,260,48
37,14,1
30,416,16
1,65,59
16,303,56
28,293,23
14,492,27
10,167,78
-7,20,57
32,321,25
6,173,33
25,8,59
40,32,48
4,224,58
15,84,9
-9,24,17
9,389,80
-2,164,85
19,72,79
-10,17,7
24,295,53
29,316,0
10,118,64
29,449,25
20,143,6
6,491,17
43,250,91
-3,262,73
15,189,27
17,31,21
29,179,21
36,288,9
8,86,60
19,341,59
35,268,98
45,179,82
37,108,65
29,477,77
-3,356,69
28,44,6
1,470,53
36,289,66
47,174,56
4,167,85
-9,351,16
46,102,91
-2,150,61
-1,61,41
25,87,95
17,386,46
-2,133,54
21,400,21
13,213,59
18,185,68
8,154,27
32,364,96
48,16,28
21,304,66
30,340,81
31,209,36
12,409,27
39,463,56
39,23,67
43,140,95
38,213,70
42,16,52
42,7,1
16,188,31
28,363,25
40,362,4
-4,12,28
43,421,71
3,71,87
42,96,90
0,388,19
29,173,13
17,495,32
7,369,34
1,470,100
42,307,51
42,239,93
37,133,43
14,417,56
21,291,43
25,398,45
44,474,40
19,169,29
0,61,69
49,430,38
14,102,100
23,214,53
16,444,96
24,281,84
35,492,69
10,225,65
41,42,59
-6,60,47
-9,302,83
34,423,77
27,355,20
24,217,65
4,286,30
30,422,75
-7,79,5
8,275,0
44,111,3
-7,154,80
43,251,52
26,70,100
36,213,49
4,171,99
19,191,31
22,34,63
-2,96,18
10,246,93
42,204,4
29,320,48
30,273,83
40,395,20
50,173,13
-2,304,95
9,83,37
25,98,32
27,167,24
3,357,54
50,140,95
20,214,31
14,24,28
27,409,41
9,272,26
-3,363,1
49,269,67
31,239,68
46,356,70
32,247,98
40,341,22
-3,308,51
26,370,50
42,10,23
49,101,78
48,42,86
42,156,47
13,28,0
7,248,65
30,172,2
44,472,96
35,330,15
4,474,5
30,16,23
27,495,14
11,82,60
19,452,15
-8,267,23
-1,221,75
9,168,0
17,70,14
23,384,79
-4,131,86
1,123,23
-7,153,54
-1,359,99
50,276,29
42,9,55
1,204,5
21,457,97
2,262,99
5,170,23
22,258,57
50,391,32
49,435,51
-4,331,84
2,23,46
34,205,89
7,209,57
43,459,72
39,58,50
37,151,23
-9,355,27
16,413,89
3,79,77
4,403,42
28,130,25
6,105,33
-10,148,7
8,267,55
9,438,45
14,402,43
20,484,31
14,363,73
37,494,26
30,153,83
38,167,61
33,300,3
45,174,71
18,500,36
-1,179,64
49,463,60
48,242,64
-5,179,66
-10,422,29
14,492,81
-7,79,61
25,147,84
-10,68,73
17,440,49
6,88,49
-4,360,33
45,478,48
2,290,47
48,7,75
-9,459,5
-2,191,17
30,295,70
26,283,38
24,308,36
37,30,34
-3,342,83
27,192,68
10,52,62
9,250,25
12,397,44
18,337,61
-6,9,37
43,285,34
15,175,59
9,19,75
35,277,26
32,312,26
6,268,44
14,441,75
38,393,77
13,345,4
48,168,12
27,151,69
15,64,89
36,96,25
-6,88,42
47,261,85
4,30,75
29,418,17
-10,133,52
37,280,92
4,455,7
40,90,68
31,38,35
9,122,62
49,292,4
28,124,5
2,491,5
5,244,11
-6,63,37
12,395,59
31,389,19
29,343,33
-2,174,77
30,313,30
10,330,68
25,143,4
-9,412,21
24,93,95
3,197,90
37,198,47
21,203,83
2,419,81
14,401,49
13,353,21
13,147,83
40,213,19
3,400,92
14,470,26
35,161,20
26,94,47
26,424,8
34,113,87
-5,182,52
30,358,8
44,52,82
13,334,90
31,17,24
32,139,90
3,103,75
16,339,70
6,216,67
45,60,56
25,234,100
48,31,35
31,394,67
38,223,29
2,222,37
2,39,69
21,362,58
26,431,58
29,475,1
46,66,69
44,310,75
13,435,26
1,266,85
-5,91,93
43,479,6
50,279,8
-2,375,78
17,393,3
15,243,81
15,304,84
29,370,11
-4,387,45
41,149,11
27,13,74
40,85,89
4,236,59
-8,247,69
-6,220,5
14,50,52
50,269,23
35,415,60
15,187,56
-10,217,94
48,230,56
19,486,49
-8,335,21
49,379,64
-10,478,96
27,500,22
-9,92,89
33,274,4
49,312,29
34,399,72
41,32,8
9,99,99
1,184,33
18,440,47
38,257,1
45,255,81
-8,153,49
-5,89,1
-4,410,59
17,341,94
20,473,18
18,26,5
34,492,66
4,153,28
39,312,13
16,330,64
49,253,1
31,2,88
27,159,64
31,211,79
17,89,83
10,199,33
0,233,91
35,23,1
44,267,2
17,83,91
27,295,63
49,163,52
16,78,25
17,169,21
48,171,73
3,230,92
47,169,44
-3,473,81
41,450,8
-8,65,35
28,288,48
44,288,1
44,435,29
0,120,66
41,426,63
47,181,17
6,422,67
50,367,7
-10,315,57
38,397,16
43,218,48
43,221,16
3,95,5
29,0,67
38,229,45
40,357,91
46,232,21
-6,21,73
15,411,57
16,258,36
0,262,78
35,230,31
7,475,9
43,329,58
32,215,28
29,352,44
10,170,86
26,62,6
-3,360,20
29,197,86
24,322,79
10,454,89
6,225,77
-6,302,12
22,234,13
15,172,53
44,427,49
9,365,20
34,472,77
37,193,23
21,383,66
13,410,35
7,113,64
48,94,44
36,240,16
-5,142,11
50,254,55
29,436,56
37,95,57
17,274,85
-10,79,90
19,32,23
17,130,95
28,6,69
-1,165,66
-4,8,4
43,173,35
9,95,71
28,275,92
41,350,66
-5,85,17
-9,255,31
29,55,0
26,41,65
28,469,42
30,422,74
29,446,4
24,452,92
27,405,90
-4,155,17
-4,452,32
28,13,41
-3,421,94
41,378,10
15,247,54
37,193,18
48,373,93
46,315,90
11,289,15
37,325,63
16,250,4
30,324,20
20,94,13
29,489,96
9,420,70
1,328,16
31,468,93
-8,164,62
41,280,84
-9,336,73
-8,276,2
6,459,26
-7,94,85
-2,434,14
22,267,57
23,80,22
-4,421,53
23,20,87
48,476,26
40,393,73
15,104,28
33,376,55
3,199,25
-9,198,4
12,217,14
-4,330,81
40,216,15
47,339,64
-4,355,95
19,242,0
45,295,15
21,123,6
2,298,16
33,193,82
43,380,31
37,233,27
29,46,46
6,41,4
43,223,72
5,82,9
34,111,68
50,7,84
30,358,43
-3,344,42
34,419,6
1,55,93
3,94,71
38,156,23
17,117,52
36,489,5
36,68,87
26,107,73
32,28,31
8,208,20
48,368,59
9,294,93
13,297,80
-5,197,4
3,84,74
-4,101,23
10,488,28
18,35,7
43,276,83
-1,453,83
2,360,38
33,444,76
17,334,87
48,155,92
31,369,58
27,450,49
23,366,95
7,498,32
33,102,90
28,411,74
13,138,59
0,141,52
32,156,59
17,439,48
14,60,1
24,144,11
-7,183,86
29,263,57
-8,393,77
25,332,11
49,410,26
35,412,84
-2,65,64
37,156,17
31,492,67
20,477,26
22,371,98
9,374,65
19,121,48
-4,87,85
0,348,37
10,286,2
14,146,15
15,479,98
46,427,27
16,381,51
34,471,3
8,472,16
42,250,8
13,232,1
9,118,33
12,414,86
45,119,87
19,212,5
-1,339,66
3,365,38
40,67,17
21,329,69
41,381,78
-2,151,73
11,319,50
16,239,86
32,138,3
7,380,4
-3,482,95
16,175,67
-1,244,98
-3,41,67
49,114,89
15,191,83
3,282,69
19,249,5
32,195,97
29,155,19
21,266,59
18,275,16
-4,258,19
34,287,11
26,329,68
-5,478,98
20,125,61
-10,140,61
10,332,6
-3,298,13
30,143,28
7,30,71
35,414,97
47,411,21
40,145,37
0,2,59
-6,195,95
6,385,24
-5,225,5
27,344,60
13,457,0
16,34,39
38,219,14
13,122,29
35,216,11
33,391,92
31,392,44
12,67,55
24,443,34
40,474,74
43,69,59
7,322,48
47,214,59
2,208,41
38,169,57
35,128,36
-1,410,15
-10,341,56
19,491,93
-8,310,90
42,460,87
33,329,88
17,361,90
20,186,45
-6,481,74
20,41,95
18,44,70
27,145,20
21,238,67
-1,352,34
16,356,61
45,429,48
25,145,86
49,60,9
11,442,10
-8,165,18
36,199,33
-1,145,64
6,405,57
-6,54,94
42,474,63
28,463,76
2,419,21
43,308,75
-6,84,79
-7,345,54
11,413,62
47,344,49
43,50,48
11,469,68
19,380,90
16,226,65
38,282,88
7,489,22
-2,201,77
31,269,46
39,242,7
-2,325,61
9,380,10
8,369,16
9,332,47
42,439,83
16,83,51
3,129,94
7,467,7
11,74,95
-8,343,72
-10,475,18
35,297,33
-9,115,20
45,189,8
37,156,3
-5,173,15
41,400,58
19,289,13
29,117,13
11,143,41
2,224,1
16,415,92
34,338,91
49,489,71
-7,382,31
28,290,63
7,401,98
49,350,57
35,241,50
38,386,11
2,62,36
44,76,32
36,369,51
7,444,0
30,296,76
-10,319,52
34,197,75
-4,118,28
39,418,83
-2,358,96
50,277,74
-9,258,76
1,258,96
37,237,1
-1,47,83
32,236,69
17,246,43
25,17,11
50,145,28
32,183,53
32,100,72
45,13,79
3,425,15
43,160,61
21,282,95
15,14,25
-9,51,97
5,379,93
29,67,16
27,365,69
1,355,87
13,60,79
9,429,18
17,380,28
18,126,53
33,169,16
27,274,55
30,32,26
21,490,48
2,404,89
21,231,67
41,185,74
15,257,85
26,72,42
-5,284,43
-9,466,63
14,384,66
40,58,71
46,266,4
-7,413,79
24,368,16
49,298,100
-9,63,15
41,349,39
8,69,77
22,167,61
41,351,91
50,118,95
23,336,14
10,257,59
-2,173,94
30,40,50
26,184,12
7,23,20
-8,325,52
3,112,87
47,414,10
-1,481,45
-7,306,77
45,85,22
38,477,35
11,56,91
-6,267,3
47,63,86
21,144,56
49,203,16
0,471,26
9,153,92
48,473,65
12,154,78
42,411,35
46,354,19
0,187,3
36,48,30
50,166,39
-1,14,50
15,69,100
22,266,22
39,129,26
-9,88,46
15,320,8
44,293,33
25,72,26
-4,192,81
38,207,10
40,126,96
27,324,30
47,348,71
29,371,36
16,197,63
38,450,63
9,430,75
23,479,92
-4,315,18
26,473,34
47,240,1
42,479,27
37,432,39
2,358,80
32,299,88
43,461,26
20,68,91
14,321,61
34,12,12
43,375,20
-10,365,97
9,183,83
-10,449,5
22,474,66
38,208,83
39,16,17
35,272,51
7,277,58
27,108,93
-3,24,20
41,207,11
20,92,39
20,399,98
4,343,82
1,498,58
-5,407,66
47,412,25
21,468,60
36,160,82
-3,222,49
16,193,56
43,449,91
13,362,19
-1,458,34
-6,368,52
20,271,90
15,29,81
-1,332,96
45,2,88
-2,228,71
26,417,61
40,464,62
31,162,2
24,116,2
27,103,27
35,116,53
9,296,90
31,224,87
43,231,37
32,472,51
50,160,66
25,204,96
12,79,27
20,162,65
49,64,90
11,251,84
14,299,97
-6,89,95
32,249,2
-3,118,95
31,471,52
44,354,35
16,256,68
27,332,43
-7,118,67
-10,19,87
39,121,6
14,402,37
13,107,51
-4,22,84
29,139,64
12,170,57
4,285,18
-9,409,93
12,441,71
13,458,70
9,321,81
-3,486,5
34,36,10
32,131,12
24,59,55
-2,248,60
26,435,95
42,483,84
-3,435,36
2,435,57
8,156,43
-1,276,3
14,208,55
47,37,9
36,282,71
32,200,21
9,375,77
7,222,31
29,166,72
27,317,70
19,270,92
23,293,55
12,452,92
11,351,95
47,394,82
7,214,57
42,310,26
-7,168,26
50,51,34
4,270,49
-8,447,18
-3,456,60
46,339,9
6,455,53
-10,59,66
10,25,61
41,454,29
-3,65,23
37,21,79
41,110,60
7,226,96
6,199,90
-2,78,90
5,360,56
33,354,15
16,98,35
34,274,71
-2,328,53
5,120,66
6,448,19
-10,352,34
24,500,35
-6,357,45
42,135,64
30,195,91
37,181,28
25,314,71
20,334,30
20,448,61
22,470,88
44,221,57
-3,443,27
9,412,59
-6,455,78
42,208,2
32,370,90
35,491,3
-1,75,92
-4,76,27
44,140,39
50,497,99
17,318,78
27,143,40
31,462,32
1,213,47
0,495,79
38,246,93
17,272,59
50,432,63
21,102,6
36,82,20
6,466,62
43,407,56
18,198,53
32,419,29
29,279,78
34,139,27
29,392,96
37,147,85
3,106,48
4,177,42
17,433,70
8,357,14
13,212,69
-9,152,94
40,100,80
20,287,39
7,406,38
-5,444,63
6,431,74
16,420,69
3,150,30
38,359,61
-9,140,81
49,475,39
13,393,49
38,37,15
47,156,58
37,182,86
-6,152,99
16,112,77
-7,426,15
10,446,23
-1,11,11
44,212,50
47,196,57
46,484,73
50,376,94
47,187,45
33,299,62
-7,90,76
-10,169,1
4,224,74
14,50,57
-5,54,3
-3,377,86
39,270,62
4,432,70
29,371,62
37,58,64
30,435,22
0,476,40
12,270,99
3,103,54
48,364,27
33,439,33
17,47,66
-8,233,25
-3,56,20
-10,496,59
35,98,71
23,447,76
-4,215,88
-4,22,80
43,43,37
8,44,87
-7,32,62
42,252,52
11,457,54
29,162,34
28,301,61
49,428,60
31,39,68
7,349,98
4,261,46
22,111,95
14,285,45
26,472,18
-1,118,94
18,132,71
1,101,63
35,359,62
30,202,69
-1,5,57
26,195,21
-7,223,28
45,19,44
19,302,80
45,493,100
49,178,7
0,55,16
-6,267,46
37,426,24
36,282,10
29,126,85
10,471,15
40,257,97
43,280,89
-8,197,36
5,22,8
28,221,27
28,217,98
5,142,37
48,26,49
25,382,37
41,5,89
8,464,67
12,490,50
-7,16,13
29,277,44
25,270,27
30,43,49
22,232,11
43,189,61
0,64,30
-2,121,74
26,15,90
44,221,75
-10,84,11
23,189,51
12,297,93
-8,164,80
9,404,50
10,158,63
21,404,25
19,229,53
-6,139,64
-4,194,64
2,233,28
-10,442,13
14,222,88
7,186,37
-9,197,45
41,428,17
36,238,6
4,195,23
-3,201,65
15,134,33
2,291,25
22,45,58
43,7,35
39,349,84
10,72,10
35,151,74
17,189,85
44,393,32
11,493,13
-3,63,34
4,79,50
22,491,43
36,430,30
50,495,61
6,250,17
-5,165,84
2,390,83
-7,86,0
12,24,68
-10,333,21
23,123,90
37,203,27
47,496,15
16,206,47
50,60,63
10,151,2
49,116,93
2,484,88
19,498,8
38,330,2
36,246,60
21,160,39
50,341,89
7,240,39
8,200,85
2,317,20
-7,487,7
-1,236,12
8,490,44
36,333,39
12,308,41
3,348,33
-1,41,17
24,417,93
9,455,66
20,224,26
40,320,100
20,140,96
-3,131,66
33,209,26
21,32,60
9,171,26
-7,148,59
12,187,94
13,279,51
10,345,9
24,399,41
17,224,25
43,29,63
28,162,90
1,289,41
20,450,0
38,467,36
31,412,35
49,93,100
45,440,33
0,252,35
37,322,28
8,293,0
16,107,27
12,166,10
2,193,29
40,268,23
-3,434,17
50,407,42
-2,239,66
7,91,87
38,359,22
42,278,88
4,24,94
18,249,3
-2,134,65
-3,122,73
-8,94,87
45,165,33
33,377,38
26,357,87
50,177,62
20,178,76
41,343,65
28,131,14
39,10,37
49,141,71
36,442,7
49,67,39
18,35,56
-2,490,79
15,31,56
8,296,57
42,488,88
22,341,92
49,36,9
17,457,19
17,227,15
15,163,65
8,314,70
19,7,87
39,365,43
35,256,34
14,231,79
-5,426,20
6,136,33
16,312,74
44,480,23
16,311,13
30,82,40
41,181,79
44,220,67
-6,224,69
40,494,75
9,191,61
-7,293,10
39,29,27
46,277,5
13,496,60
21,292,33
15,325,43
29,356,7
47,117,27
12,290,71
15,93,60
-8,29,95
18,115,63
22,44,36
50,193,70
15,248,71
34,268,93
42,274,52
19,248,86
33,211,31
5,92,78
26,184,29
12,94,27
46,229,27
12,331,92
34,400,53
44,141,91
27,231,38
45,354,31
40,154,57
28,431,30
-5,44,100
21,27,79
26,315,34
16,433,12
32,233,98
9,1,62
39,431,48
-8,449,68
6,312,69
47,230,48
-4,495,36
44,319,15
9,95,68
12,359,43
18,290,98
-1,365,39
-4,90,38
11,91,48
35,417,33
-7,489,18
-4,315,89
34,183,75
18,416,11
-9,77,35
29,384,45
29,339,15
31,287,76
23,297,18
38,500,71
22,406,81
46,239,42
12,287,91
46,315,39
19,345,62
10,141,37
8,114,10
46,11,8
44,24,16
14,278,81
14,44,59
-10,478,32
3,80,59
41,457,9
45,194,29
1,286,81
-5,339,78
6,88,100
46,272,98
9,259,39
31,42,36
40,73,53
30,101,92
20,187,12
48,247,30
16,425,41
-6,87,97
3,291,73
-5,214,34
15,198,47
43,112,60
49,37,71
41,323,17
15,41,84
-5,128,44
46,31,58
45,83,73
5,125,56
0,117,65
46,12,58
44,9,31
3,278,15
31,98,33
23,400,36
7,296,67
34,453,83
32,479,69
46,376,57
0,129,63
-5,370,33
2,481,81
19,194,50
36,287,71
5,468,33
25,85,65
11,244,64
45,172,32
21,393,86
18,99,34
-2,281,44
-4,76,76
45,57,52
-3,194,24
3,449,57
4,58,44
19,407,3
4,390,16
-10,358,19
9,415,37
-2,163,46
15,283,8
7,355,34
48,303,7
44,51,1
21,490,99
22,416,37
-5,358,3
42,6,52
-2,159,73
-9,23,71
27,451,94
2,107,10
0,199,9
4,389,35
4,436,36
50,477,53
48,442,66
4,139,72
28,430,59
4,209,9
50,459,30
41,330,7
30,370,54
-6,320,28
17,432,34
25,226,62
8,2,98
48,376,84
5,208,83
40,361,99
32,47,31
40,421,39
16,350,16
48,356,39
8,401,85
28,50,41
48,395,55
7,103,12
37,102,61
-3,128,23
36,92,99
4,183,57
0,3,14
45,5,47
20,75,26
-1,178,0
34,416,83
2,146,69
30,343,87
38,112,3
-6,30,47
23,215,79
39,172,1
10,94,52
11,112,25
29,171,85
35,157,81
10,346,60
31,343,85
15,337,39
35,460,16
34,333,76
25,393,19
-8,495,69
46,93,15
29,317,27
16,307,94
14,478,50
16,397,35
4,35,72
-5,473,44
7,424,94
19,240,66
44,391,86
30,292,78
33,148,77
39,243,60
1,407,54
2,244,16
6,201,84
39,38,55
-1,244,42
20,312,53
39,126,90
15,470,15
5,265,37
36,114,80
36,165,53
30,122,97
0,68,56
42,146,9
27,65,20
8,327,92
13,60,5
34,37,36
-7,453,20
29,293,65
-3,364,60
-6,382,10
8,245,21
34,34,60
-6,495,75
16,285,15
10,392,60
34,220,4
18,252,95
25,81,45
-2,474,24
5,127,78
12,263,89
37,111,76
18,359,5
25,79,4
-2,311,69
22,373,62
31,185,84
10,361,68
47,399,27
14,486,90
14,294,12
35,218,95
28,451,21
49,392,27
34,114,38
-1,68,48
44,201,12
36,369,17
30,389,8
4,120,60
20,258,19
10,123,56
32,454,79
-2,37,89
28,416,13
49,365,3
31,185,43
11,469,47
40,354,56
11,166,37
11,197,96
-9,401,97
15,65,76
37,336,72
26,480,49
42,289,37
42,248,34
3,485,67
25,288,22
31,402,56
34,16,44
26,234,21
22,468,31
27,3,28
5,5,53
15,116,73
41,360,45
50,423,18
49,48,63
30,322,68
9,397,30
47,306,48
43,140,2
35,375,93
5,230,33
19,377,60
-3,326,25
38,241,35
47,227,6
18,356,14
41,415,16
7,128,36
-6,103,82
-10,346,29
23,476,44
13,264,11
-2,445,69
28,46,52
9,122,70
-9,372,19
42,244,46
8,238,14
-1,393,98
46,155,92
30,333,74
3,68,36
24,152,25
49,205,58
8,200,71
0,25,77
41,132,88
40,472,58
17,230,70
3,164,42
10,384,34
40,137,68
28,181,19
48,382,4
34,202,52
38,342,47
-9,245,20
41,456,85
14,474,17
24,219,93
-7,106,15
-5,193,12
-3,21,55
12,52,27
-1,226,2
-2,435,57
27,115,84
37,110,45
24,448,67
43,469,6
1,485,86
-4,226,38
34,378,30
2,146,56
18,493,41
15,373,44
26,31,79
44,433,4
26,391,65
34,383,35
48,30,23
43,268,20
21,289,78
10,208,42
-9,474,71
16,152,30
12,398,79
44,323,17
7,420,92
34,302,91
19,445,87
44,138,57
23,116,15
21,42,97
9,42,9
-5,348,44
9,480,50
-4,77,14
50,94,7
46,398,100
23,343,97
-1,430,38
32,80,80
-10,206,23
-2,364,53
13,59,77
3,379,87
17,43,85
27,399,45
34,207,79
9,451,52
11,126,98
19,267,59
-3,488,70
49,492,1
43,383,87
-4,102,90
-8,191,80
-2,69,66
7,202,100
30,288,11
-2,21,96
49,76,0
-9,343,57
8,332,53
33,212,54
-6,198,56
4,232,77
11,490,5
37,434,44
3,246,5
37,124,30
34,236,38
0,367,82
-10,354,80
37,455,77
27,70,98
37,287,89
29,462,77
5,237,29
24,78,71
40,425,22
-10,132,65
18,114,18
40,177,64
46,227,52
28,130,83
5,496,4
25,381,6
34,421,64
-8,234,72
44,252,5
3,239,42
44,28,73
-9,281,83
1,76,26
6,459,69
27,411,80
-10,464,67
32,355,11
18,154,59
38,95,30
37,351,84
12,421,4
50,169,23
16,57,65
-1,431,97
48,328,0
46,200,81
40,354,76
15,139,28
23,446,42
14,247,27
38,110,59
-4,126,50
6,189,74
8,89,16
1,470,63
38,90,51
36,59,67
21,237,50
41,125,81
1,490,16
23,448,6
47,139,54
5,116,8
10,335,15
-7,290,81
39,319,71
43,236,7
10,153,27
46,87,82
6,193,66
28,231,41
36,479,78
43,164,4
50,325,35
0,304,54
28,289,10
37,35,13
-7,83,37
-5,330,38
47,386,17
36,230,75
49,229,52
17,262,60
-4,263,18
38,103,76
40,461,13
28,133,24
42,70,92
41,213,19
6,10,58
5,263,53
39,446,89
-5,444,24
-7,333,32
23,59,54
-10,220,42
-6,266,35
10,123,50
36,87,30
50,391,92
21,72,47
19,285,28
49,438,28
3,69,98
-6,151,41
5,150,31
37,63,10
7,264,53
32,489,36
5,269,68
23,80,89
50,424,99
17,280,13
45,458,51
12,300,37
43,460,3
8,219,3
48,48,92
39,87,74
4,156,37
30,291,28
27,190,91
13,207,94
-8,102,55
7,478,93
15,26,86
11,335,44
14,153,99
43,66,80
23,428,49
37,3,31
20,351,9
-9,482,28
13,279,58
43,236,80
8,441,22
26,6,0
11,139,5
0,220,15
50,258,27
-3,43,39
3,113,77
-2,363,72
-1,446,70
20,67,20
48,138,70
0,109,32
33,482,80
-4,463,50
13,352,100
-1,290,82
39,200,58
45,46,53
46,279,94
15,500,88
6,455,63
14,42,44
20,487,97
13,452,2
50,471,61
-5,376,45
17,159,9
14,424,0
29,90,59
-5,204,20
-6,72,84
32,183,63
-7,168,83
42,327,39
2,185,62
29,340,70
21,14,62
35,231,73
43,189,9
29,174,65
36,48,72
6,494,85
40,398,79
-7,172,3
0,434,87
15,203,17
-9,32,62
22,20,44
-10,112,74
27,478,92
-6,485,77
7,220,54
5,220,50
15,487,81
7,443,34
0,107,39
25,191,46
24,91,23
-3,176,98
-3,416,59
5,196,69
-7,140,6
2,172,99
48,418,99
50,494,45
-5,499,80
31,306,30
39,329,64
-5,246,95
-6,82,96
26,312,52
23,126,23
4,328,73
-5,129,54
39,419,5
14,432,84
18,184,64
4,363,79
-1,146,33
6,26,15
-8,290,85
-4,9,78
46,322,55
8,280,62
26,34,41
15,72,98
7,436,74
21,446,46
3,32,17
43,236,68
-8,174,92
1,96,49
9,428,40
18,321,95
47,409,52
23,461,9
-3,493,57
8,54,59
4,4,74
5,53,94
-9,24,13
21,438,29
6,384,51
37,134,30
-7,366,92
21,405,10
43,71,76
43,423,73
2,93,90
27,249,29
30,352,68
37,240,26
45,379,89
39,3,73
3,317,86
40,115,65
14,227,13
33,403,2
43,243,75
14,414,76
4,159,34
50,240,49
-5,96,97
33,140,72
-2,56,67
29,307,64
27,432,29
19,238,65
2,301,67
10,490,60
10,429,79
-2,422,77
21,494,26
10,249,22
27,204,69
-1,129,56
16,44,39
8,320,100
28,426,42
30,429,11
-9,337,99
25,393,4
2,308,19
33,83,64
47,317,73
-3,53,13
34,408,65
5,279,53
-8,496,66
4,352,33
17,148,91
-5,217,23
22,35,76
-6,14,6
-6,121,42
3,174,6
31,206,36
34,46,88
42,152,45
30,38,54
34,228,94
28,365,2
-5,285,29
4,185,51
14,479,86
-3,145,43
41,58,9
33,54,37
36,10,18
29,406,38
50,496,19
15,46,88
2,453,5
27,83,63
2,287,67
27,362,18
47,289,97
31,147,32
-2,423,8
8,317,60
1,145,35
5,495,84
-10,127,29
6,467,19
38,0,41
19,499,23
-8,415,79
-4,482,8
32,141,96
17,332,9
-5,469,44
41,382,43
11,5,51
27,254,20
-3,200,8
32,218,73
0,486,34
26,470,15
28,148,42
19,42,90
38,365,69
-10,72,16
16,223,50
40,314,43
-6,118,32
23,334,82
46,325,13
33,486,57
21,4,78
50,195,94
33,279,25
48,399,75
26,47,10
2,26,39
39,439,14
-3,221,75
20,93,36
23,495,13
47,407,7
21,169,65
28,89,67
12,32,55
24,319,15
-3,95,19
-6,444,35
-4,260,65
45,144,52
29,302,14
47,105,28
2,253,14
10,34,96
42,290,18
15,64,44
38,421,76
45,17,43
-2,62,36
31,116,46
50,112,61
40,192,33
17,78,20
-2,239,99
7,413,40
39,330,92
6,434,84
38,355,33
40,23,79
-2,39,33
33,115,89
9,89,22
42,333,12
15,493,54
15,330,65
30,1,20
31,18,89
44,81,62
33,308,49
16,22,50
-7,420,65
16,175,11
-4,177,88
39,136,57
31,246,74
-2,18,56
7,434,63
0,213,98
33,52,100
48,204,13
43,85,93
3,277,34
48,35,81
10,163,19
